5000
300 -660 -585 463 1
-145 940 425 181 0
23 -516 316 205 0
-393 -968 -359 -382 1
378 972 -670 839 0
-630 985 -879 -335 1
-308 -500 -719 -370 1
622 -662 -380 422 0
587 -878 225 85 0
8 765 -895 275 1
58 -564 325 -348 1
-88 -622 346 -816 1
540 750 -365 127 0
5 876 471 820 0
-630 -297 88 84 1
44 -783 -70 -481 1
-662 892 -281 -131 1
-619 91 -13 514 1
-502 364 -535 808 1
-232 -150 -866 -76 1
-348 -332 -708 -396 1
-504 921 -56 -691 1
-343 543 816 -926 0
620 -662 -110 -416 1
708 -26 -373 191 0
342 -49 -813 800 1
41 106 -675 978 1
309 982 110 -187 0
-31 -398 891 -41 0
-354 859 -532 350 1
126 -851 182 -648 1
-233 -888 823 800 0
-97 -51 -597 -557 1
-472 -417 376 -672 1
-630 760 -725 178 1
713 -202 -297 887 0
171 -571 288 -786 1
-568 -540 670 -755 1
-909 -465 200 408 1
940 -215 -872 -671 1
221 117 684 662 0
-285 -459 -950 960 1
295 761 178 730 0
947 265 -968 138 0
202 -217 707 270 0
858 -158 916 -943 0
-342 858 -607 -394 1
-120 160 173 -316 0
36 -313 -61 352 1
-160 -297 -266 876 1
-818 -206 810 651 0
823 945 503 758 0
-783 -419 -720 -518 1
232 343 418 -321 0
-147 -517 32 -285 1
62 -185 -341 -604 1
628 185 -48 -56 0
338 -204 -258 399 0
-303 397 698 875 0
-799 629 -886 -623 1
338 839 -500 419 0
935 -260 291 397 0
-805 857 -696 904 1
-784 -989 991 -215 1
64 175 -227 -187 1
-697 -377 678 -785 1
-95 -95 940 277 0
-914 733 -660 532 1
771 -756 -500 499 0
367 -383 -571 -786 1
-29 -861 -277 32 1
118 -912 -253 -536 1
736 610 -90 -369 0
-668 -210 -772 -686 1
209 995 520 -167 0
152 270 750 47 0
-456 -148 -442 -964 1
-93 102 -916 -449 1
511 639 560 -67 0
-77 806 -965 -100 1
638 -772 -882 -608 1
826 -421 343 -923 0
173 -272 830 -434 0
-194 -584 118 659 1
407 -861 924 790 0
499 49 -35 348 0
-647 289 483 -44 1
-562 222 -937 -745 1
-141 -25 688 223 0
145 -992 -634 897 1
-701 401 -454 -967 1
-837 -537 83 868 1
-165 799 137 -49 0
146 150 -806 160 1
294 18 156 317 0
-614 -501 -855 116 1
458 138 -321 302 0
180 635 166 -533 0
43 693 495 -608 0
416 -615 172 -254 0
678 448 33 144 0
-959 -68 -666 -112 1
-311 105 800 462 0
876 -505 338 718 0
-619 450 930 230 0
-631 -12 544 845 0
-346 713 367 -722 0
769 360 -734 514 0
944 824 -930 -941 0
-615 434 904 108 0
-665 -720 -293 -172 1
-726 -644 -190 658 1
-386 837 -857 177 1
859 -563 -563 453 0
540 -139 -332 -349 0
147 -77 -191 110 1
-505 978 75 329 0
-252 768 873 -998 0
531 275 407 -465 0
-529 -100 -403 -37 1
-565 304 688 881 0
895 -112 -33 692 0
736 -35 -649 -952 1
-367 -360 -127 -919 1
-239 93 616 -989 0
-974 -264 151 -566 1
-944 993 -599 686 1
464 -104 743 -732 0
42 -622 -430 494 1
376 -933 141 899 0
-123 276 8 -562 1
-219 75 633 504 0
-56 -230 -442 886 1
554 -719 -329 532 0
-154 479 861 -91 0
14 -465 -191 -367 1
-714 588 -747 559 1
-175 -359 -96 -472 1
106 336 -523 -52 1
-221 -128 127 949 0
961 740 748 82 0
408 340 -508 868 0
-227 90 999 -774 0
499 -904 -91 749 0
-90 -552 -401 185 1
550 998 823 187 0
-139 135 -176 -947 1
-39 467 735 366 0
800 816 676 -480 0
410 -521 -270 -53 1
-517 -49 646 -325 1
438 -213 799 35 0
396 932 -204 -669 0
-688 -616 -983 -717 1
325 -557 841 -607 0
-954 637 789 814 0
373 720 699 -751 0
889 386 -667 -653 0
765 512 53 907 0
136 -91 -206 -85 1
-147 780 -74 -655 0
35 40 -860 -809 1
499 -839 390 -372 0
692 156 -992 -845 1
320 125 -636 -830 1
713 198 390 -439 0
-398 339 906 -130 0
713 -870 -947 316 1
862 319 -837 -101 0
142 -438 -533 166 1
-833 -375 444 -761 1
431 588 -482 -39 0
-283 569 -635 246 1
285 948 -498 380 0
770 604 -277 -543 0
-385 966 -159 76 0
345 503 503 374 0
633 -824 876 470 0
602 -514 -716 -838 1
992 240 21 -54 0
-641 -62 -709 851 1
-10 -914 787 849 0
269 493 699 -130 0
-745 635 -658 -650 1
-565 698 -55 220 1
73 799 770 839 0
288 819 83 -127 0
86 947 212 -802 0
-361 355 -704 -626 1
-346 -156 -784 149 1
62 470 726 -850 0
-711 814 -250 -727 1
736 -102 -56 831 0
313 497 826 663 0
386 609 -361 -264 0
882 582 -37 -566 0
134 -986 -66 699 1
-698 -854 982 44 1
-850 717 -291 931 1
-745 975 288 854 0
-412 244 -75 -534 1
730 793 293 708 0
972 305 587 640 0
-377 -895 -8 -665 1
671 619 95 -905 0
-195 8 -351 424 1
431 -374 -40 -390 0
-272 977 -121 912 0
-117 79 -147 531 1
-120 -706 -130 -593 1
190 51 -755 464 1
-694 -944 -614 -501 1
-71 -620 806 739 0
-692 -730 662 498 1
196 835 -657 -913 1
-586 607 -564 -872 1
-940 711 -952 -911 1
-431 -546 786 502 0
-845 -416 -427 67 1
681 563 -801 386 0
227 747 -740 867 0
59 -160 496 704 0
-792 -683 872 311 1
109 934 -231 -800 0
-992 63 828 759 0
651 206 -523 -278 0
779 771 -100 855 0
-95 -106 -197 -438 1
212 -62 -135 748 0
-925 -667 352 816 1
311 332 -582 -514 1
-784 709 -772 -491 1
434 271 239 288 0
621 982 60 214 0
872 -581 -207 -68 0
227 -219 768 -328 0
913 524 476 -812 0
-553 799 115 743 0
-846 -454 745 248 1
313 -86 179 -152 0
823 586 -738 168 0
-900 -639 -651 -629 1
106 758 311 -881 0
-828 419 -503 -592 1
387 167 101 -352 0
-376 -491 -499 -760 1
-183 22 -547 994 1
-893 -479 -341 172 1
832 294 53 895 0
409 -916 -316 -316 1
759 -680 -845 283 1
403 254 -246 -692 0
902 707 -642 312 0
329 -657 -362 -121 1
377 256 749 -673 0
337 220 428 -523 0
-311 -223 611 479 0
-412 575 -94 109 1
-676 260 -432 194 1
877 294 -493 -163 0
243 -580 -152 842 0
-991 353 211 -405 1
-915 505 -226 38 1
585 -495 -897 -133 1
-397 283 834 9 0
178 -96 2 -528 1
767 47 303 364 0
-587 410 826 -831 0
-249 -350 -26 679 1
751 -92 -360 -19 0
-350 -486 -288 -450 1
-476 492 -219 735 1
53 792 -985 795 1
-851 -631 413 999 1
-17 525 -813 953 1
293 -227 755 23 0
-416 -205 -305 -797 1
984 744 95 566 0
-51 472 -365 -982 1
-769 -195 -617 711 1
801 345 73 142 0
-172 -175 -883 729 1
-707 813 19 -931 1
-776 -875 -202 -318 1
772 -158 846 500 0
198 698 -902 715 1
-527 -547 -165 16 1
-995 -637 602 317 1
-462 -938 409 -102 1
-339 -862 456 -444 1
-837 -144 453 -830 1
233 -999 653 328 0
465 -722 -346 -882 1
-898 97 -436 -273 1
-276 -878 343 603 1
60 114 -566 -981 1
524 -367 498 914 0
425 399 361 327 0
452 93 312 676 0
-741 967 247 542 0
490 -395 -785 -221 1
-328 558 97 -219 0
-398 685 -946 -883 1
728 -78 -358 900 0
528 -927 615 -13 0
298 -287 -272 957 0
-861 -534 345 -388 1
644 298 -521 612 0
348 94 305 619 0
505 -451 -765 452 1
-330 8 805 -586 0
-633 -195 827 109 0
-979 -876 44 -691 1
-671 403 567 154 0
398 -259 427 -984 0
-459 -696 17 -856 1
98 784 274 439 0
264 731 312 77 0
409 -271 584 476 0
910 -785 827 930 0
-991 202 618 116 1
-262 -310 -939 -228 1
-575 963 250 840 0
796 645 767 -552 0
-948 -373 904 156 1
338 988 -169 -357 0
-9 700 143 -681 0
492 -36 -612 436 0
566 -181 567 51 0
-764 -722 -557 84 1
-371 841 -306 -685 1
19 254 23 -812 1
630 -393 -689 -736 1
247 166 -899 -81 1
455 -807 -319 -631 1
-178 -89 -277 -583 1
-196 505 105 479 0
277 -726 704 160 0
-225 54 772 -785 0
344 47 156 487 0
101 379 -367 864 0
-81 850 -911 -293 1
159 229 -934 -648 1
-497 -538 -471 157 1
290 694 -997 -753 1
868 868 376 -325 0
-882 271 -159 -793 1
-311 -882 -834 -140 1
238 714 593 -192 0
-504 -720 179 417 1
695 -20 49 -673 0
660 604 -476 621 0
-697 97 315 -852 1
552 -701 -348 -777 1
175 -185 282 279 0
-769 343 50 -160 1
597 -86 -60 -270 0
-459 -381 148 507 1
-21 -701 -341 -298 1
-987 852 -125 -636 1
550 51 -506 -357 1
606 -897 114 -943 1
258 242 819 -987 0
-26 764 -611 -81 1
-165 -372 -625 932 1
543 -649 -601 -255 1
-816 640 712 -236 0
238 -260 -426 958 1
-749 922 -919 979 1
-208 -12 -362 102 1
-475 -349 -738 209 1
-278 284 37 468 0
398 5 -721 969 0
23 -301 -173 916 1
-20 217 119 291 0
-348 -645 -382 -17 1
-124 367 533 754 0
320 638 373 639 0
106 125 802 352 0
-23 -852 -240 -17 1
104 15 676 447 0
899 -879 -527 -397 1
775 -38 -448 -604 0
-591 -560 -461 233 1
850 -561 -520 270 0
-781 66 -746 -941 1
372 -591 307 689 0
12 -786 -825 993 1
-116 355 -941 67 1
655 976 322 310 0
-658 -945 -732 374 1
-515 232 -776 -361 1
-188 562 617 466 0
-385 -669 -860 543 1
545 724 -918 524 0
-782 263 -276 -668 1
242 461 -163 449 0
429 -792 288 -369 0
-82 -311 -930 443 1
-638 221 -657 915 1
449 974 37 -720 0
-915 8 -81 -493 1
-28 487 215 -72 0
96 75 43 640 0
-771 846 -17 -433 1
-94 -295 941 916 0
-199 -982 606 715 0
-913 -775 -754 989 1
382 -372 998 -2 0
-620 690 -553 993 1
242 -890 -170 -939 1
-403 657 42 890 0
0 -487 -8 128 1
-914 -169 696 378 1
-69 -601 619 -996 1
839 466 -354 -183 0
996 777 -224 542 0
129 -56 -976 -862 1
122 -143 299 310 0
253 190 749 917 0
-699 793 -844 74 1
-650 -588 678 276 1
-283 -739 -877 236 1
816 415 -366 328 0
197 -777 -878 475 1
-524 -192 -247 109 1
-592 680 -339 -653 1
-160 -907 457 -604 1
-767 918 -59 -71 1
-911 298 -651 -989 1
-835 -343 -814 925 1
-292 825 263 594 0
-601 755 67 -309 1
487 139 516 981 0
-329 -818 62 883 1
218 5 -338 -577 1
-703 -155 474 -456 1
899 301 -426 127 0
-958 686 -550 447 1
632 525 -341 362 0
109 577 661 887 0
-826 -669 475 -901 1
529 243 -602 996 0
-528 603 -136 342 1
461 -863 35 269 0
91 370 -853 -460 1
-941 112 336 149 1
737 -287 -731 586 0
-622 -813 -791 -148 1
256 990 675 232 0
231 -513 -207 568 1
-513 -628 734 472 0
727 577 750 -812 0
-766 -350 -334 542 1
-34 911 -292 245 0
-194 24 -95 -830 1
845 753 739 399 0
900 -816 -739 844 1
-753 -319 -848 -575 1
-916 410 321 -987 1
-797 411 -932 920 1
838 -418 917 -693 0
711 -964 -485 -239 1
358 325 466 284 0
825 207 -274 -459 0
846 601 373 -398 0
-185 -322 646 544 0
923 56 378 405 0
375 179 -69 547 0
-439 263 -28 571 1
902 -663 265 720 0
-858 208 422 -792 1
-241 -775 -974 497 1
75 -741 -205 -363 1
723 -447 -562 -537 1
42 -682 890 -369 0
-601 -135 463 -65 1
99 -32 491 -999 0
-257 -144 -206 -483 1
-470 -63 249 282 1
-131 257 252 943 0
171 -456 186 -14 0
465 -484 782 -595 0
-729 619 -628 650 1
-205 843 -812 -37 1
125 679 728 150 0
162 579 -828 29 1
491 -511 -473 -959 1
747 -698 119 357 0
541 155 -130 400 0
615 -484 -803 -702 1
-422 807 -318 30 1
-770 905 814 430 0
312 612 696 -723 0
222 -920 -195 -872 1
655 591 995 -681 0
418 952 897 -191 0
778 66 -147 -603 0
-961 508 -820 -984 1
-366 934 -513 79 1
-115 -235 -850 975 1
676 855 -233 -478 0
736 282 28 6 0
309 705 -18 93 0
-44 340 -165 -826 1
-980 488 429 517 1
18 -413 -343 565 1
-166 649 -143 -153 0
977 53 -969 -965 1
726 -221 -802 -377 1
-784 -392 -927 704 1
327 513 -959 -929 1
417 -126 -171 568 0
925 117 -883 343 0
-905 -939 752 579 1
-437 233 27 -89 1
-249 828 -140 -675 1
-179 -46 -821 -302 1
22 -554 103 -960 1
-981 -126 845 -922 1
215 -415 761 288 0
-196 -305 463 -110 0
-602 -192 384 956 1
165 246 362 844 0
-551 -102 151 -23 1
-273 159 39 251 1
-592 -577 -650 -725 1
-867 604 -114 457 1
-744 -996 10 33 1
-196 297 -187 466 1
130 -549 -528 -755 1
-263 -381 52 -343 1
-137 48 -367 -327 1
453 423 593 -811 0
258 487 908 534 0
220 -491 238 -110 0
-363 638 906 632 0
-163 948 -738 451 1
472 -911 325 238 0
-608 -721 -853 958 1
456 191 659 -735 0
-652 -79 -277 260 1
934 743 -7 -582 0
-638 -676 145 -873 1
-574 593 -171 -66 1
-812 -131 637 368 1
69 -532 -274 -360 1
148 273 742 -546 0
92 -573 479 -903 1
764 93 150 -456 0
-911 270 702 139 1
462 -127 671 991 0
793 201 291 949 0
770 657 983 605 0
-67 12 179 256 0
410 -421 459 -730 0
-540 422 644 210 0
-383 -220 -538 692 1
557 340 814 804 0
972 64 -45 -889 0
-386 870 862 6 0
-224 614 649 -928 0
-314 -929 -406 42 1
864 412 -797 -512 0
-266 -756 -635 686 1
753 607 581 -623 0
-395 944 -27 -251 0
834 209 577 -379 0
-404 427 472 -775 0
-411 -930 766 -278 1
107 -436 470 -416 0
745 -331 -894 340 1
882 111 361 -63 0
-236 -215 100 -87 1
505 310 980 -952 0
347 481 353 846 0
834 395 193 -914 0
0 667 165 -586 0
-677 -330 827 -256 1
-302 811 533 159 0
666 256 -632 -8 0
537 -177 -585 -13 1
-530 -661 199 -737 1
-192 569 -944 723 1
199 383 -197 -795 1
-188 -752 -121 -307 1
-78 219 -716 -958 1
-530 -130 102 251 1
-143 281 976 -308 0
-579 -404 602 318 1
374 118 -683 845 0
-450 -576 404 670 1
381 951 -642 -627 0
491 180 -324 404 0
-615 518 -62 -194 1
-46 652 -591 -449 1
-175 -396 118 -320 1
-304 952 697 358 0
834 60 -259 136 0
-497 272 -349 -324 1
125 699 931 -753 0
207 -178 983 226 0
347 606 -561 10 0
-265 295 398 -77 0
-616 -48 583 -696 1
210 322 539 -204 0
-203 469 107 -329 0
508 727 970 48 0
-864 616 973 987 0
753 -270 313 154 0
642 -51 745 -770 0
900 -659 -199 21 0
-297 354 156 -421 1
-952 -910 102 -841 1
587 556 -227 -808 0
-767 247 970 -547 0
-635 -723 -233 208 1
476 751 676 373 0
754 563 409 642 0
-334 450 -291 486 1
-99 65 160 -543 1
901 -487 -964 205 1
-62 337 -47 -543 1
355 72 795 811 0
593 735 703 642 0
-530 472 -785 -621 1
-996 868 950 474 0
-806 -316 -782 -100 1
-694 603 -659 -355 1
-159 770 -687 -5 1
221 821 529 842 0
592 -941 952 -729 0
-53 360 649 367 0
518 123 -297 -952 1
-212 -249 75 -799 1
-987 918 -466 183 1
-502 54 -40 371 1
-790 -678 117 -928 1
-830 -265 -918 304 1
523 -541 688 464 0
-820 213 -107 -502 1
678 422 846 -478 0
782 -493 496 -972 0
988 -984 940 407 0
-527 500 953 -248 0
724 248 153 -530 0
1 187 -83 947 0
276 -626 -703 432 1
-701 589 -515 -18 1
-666 -496 283 -409 1
290 17 974 -391 0
-84 -105 218 -846 1
124 -310 928 -767 0
-241 0 -315 473 1
567 -309 -329 -588 1
813 -896 769 -763 0
882 -466 167 62 0
-337 -107 -589 -19 1
70 95 517 733 0
567 -944 735 -637 0
-738 140 -317 412 1
858 -92 -560 723 0
-342 -308 -730 -621 1
-200 -702 211 -552 1
465 -858 -809 514 1
-225 155 778 -984 0
879 83 -516 -617 0
-618 -632 -275 580 1
734 118 -283 -7 0
-361 -913 -387 -499 1
137 679 -109 960 0
126 889 445 -69 0
-477 779 -498 9 1
-354 -66 425 -722 1
171 -145 263 242 0
-275 -252 733 585 0
-224 -726 -841 -549 1
704 -155 725 74 0
864 -367 257 -622 0
-976 -296 496 -61 1
-322 -645 700 -313 1
369 106 -728 914 0
298 -543 139 280 0
428 -575 314 -900 0
-757 254 310 233 1
506 393 681 767 0
-607 -575 -850 763 1
484 -886 -750 -39 1
-369 -476 482 -4 1
557 677 583 -518 0
-208 -390 -199 461 1
580 400 743 -530 0
222 -83 -607 -642 1
-391 -642 -804 547 1
-37 534 -56 -864 1
-928 237 400 886 1
-200 -483 191 -625 1
-829 700 -74 475 1
-539 605 763 949 0
-879 -108 324 -721 1
378 712 -268 19 0
-594 -898 -597 139 1
-149 -134 476 -571 0
556 662 -280 -640 0
683 660 -589 -127 0
-751 210 -96 -415 1
849 779 -326 -428 0
370 866 577 211 0
81 -117 648 625 0
-174 -195 115 -245 1
722 -392 -471 -327 1
243 68 892 -586 0
-879 779 570 -908 1
-7 -925 28 -93 1
-960 99 -960 -550 1
688 114 -107 18 0
449 451 955 851 0
-318 465 811 265 0
-447 372 -255 335 1
-665 898 126 837 0
148 293 444 -884 0
-910 49 850 537 0
-362 -633 -806 479 1
-646 856 -949 758 1
725 434 324 -338 0
-278 -809 325 -856 1
-182 -18 852 711 0
280 501 331 -902 0
-970 695 -514 833 1
-334 52 623 -805 0
207 -366 -448 418 1
-19 567 -277 625 0
654 148 -349 -558 0
-527 -7 575 134 0
-48 887 72 452 0
-200 -651 254 -620 1
-198 -974 -278 291 1
-60 807 -589 -361 1
-302 315 -304 434 1
-432 -649 761 591 0
169 863 -517 -478 1
887 -679 794 335 0
-505 -527 -895 -736 1
84 518 -668 -294 1
109 204 -512 -313 1
484 512 259 887 0
320 298 957 770 0
894 948 -288 644 0
199 -847 990 184 0
319 -846 -703 -597 1
-592 152 73 -518 1
-31 673 55 -339 0
-627 -106 -5 -921 1
557 982 -906 78 0
-744 -930 -148 39 1
-767 873 212 -395 1
701 -557 -94 -981 1
-189 -576 367 797 0
126 241 368 -210 0
474 -448 -242 -615 1
141 -954 465 476 0
-628 695 32 -649 1
403 66 -586 -683 1
742 86 -953 -725 1
-279 274 557 948 0
-575 -49 -779 630 1
-859 151 586 252 1
-596 273 210 170 1
-128 847 52 -41 0
-656 -501 -478 169 1
842 604 -319 -237 0
-155 -624 658 -843 1
-740 512 -112 -191 1
195 118 -929 -895 1
928 -860 -362 233 0
106 -680 322 897 0
321 -15 -720 958 1
974 780 924 683 0
769 540 -717 842 0
-746 736 879 13 0
-907 -563 778 978 1
386 978 229 -473 0
626 632 399 109 0
-668 565 455 -670 1
-342 -599 -187 -388 1
-616 -56 333 804 1
-498 -29 205 501 1
-2 -725 -719 685 1
482 0 -729 375 1
596 -289 -429 -544 1
-436 -280 -142 294 1
-650 -417 -719 -40 1
705 918 -633 694 0
32 -941 691 -483 0
798 -609 179 -707 0
-291 480 -953 595 1
-641 504 -262 109 1
-254 689 -408 966 0
-845 -227 -78 -631 1
143 -502 -265 -429 1
-812 -782 -979 -290 1
-38 568 872 -905 0
-11 757 202 919 0
-678 -898 840 473 1
684 608 -222 521 0
517 54 119 -12 0
-528 933 -181 -746 1
-174 832 280 867 0
73 -345 -52 995 0
-245 -821 -325 -860 1
377 -521 367 158 0
-171 -104 905 529 0
-486 263 197 14 1
-882 -213 -928 -485 1
997 -651 -307 -652 0
44 407 488 -451 0
-442 914 382 155 0
-333 -678 -688 809 1
-682 -611 277 -851 1
-28 323 129 977 0
532 -371 -421 -909 1
203 -288 781 662 0
80 -389 186 -304 1
120 732 695 186 0
251 733 -675 546 0
-541 -865 808 -233 1
-737 -996 689 859 1
-528 995 221 138 0
622 -966 867 -6 0
246 999 -773 -573 1
-881 442 -456 230 1
305 636 -954 168 1
235 863 -441 688 0
-110 -651 -867 523 1
-889 -213 948 -495 1
275 741 -63 397 0
-874 -111 -198 -762 1
-887 -548 -602 537 1
-958 895 -937 -564 1
-457 191 542 -598 1
727 336 503 -166 0
-643 -540 147 -44 1
-165 -690 -993 817 1
595 -360 -499 817 0
-536 -809 269 943 1
255 -846 659 -351 0
-474 469 28 -605 1
861 -197 -57 744 0
-208 -950 851 463 0
-638 98 743 839 0
-953 246 -692 -998 1
-335 -795 168 -253 1
-94 944 -885 -457 1
753 -640 440 -208 0
-866 -975 -232 383 1
-958 873 -684 997 1
856 -751 -705 462 1
-851 -173 -491 92 1
864 268 815 33 0
-168 196 -375 -169 1
-611 -915 -403 -109 1
19 -620 487 -823 1
51 690 -866 -764 1
913 -101 -115 923 0
978 830 -279 -273 0
644 52 164 -516 0
138 191 719 912 0
-382 222 -241 -547 1
547 5 572 -338 0
-192 -849 919 524 0
396 600 975 -503 0
-789 -158 460 67 1
674 -425 664 -407 0
935 587 455 -938 0
447 -950 467 301 0
501 647 -555 674 0
164 500 198 -227 0
-204 506 -429 303 1
850 862 640 321 0
664 933 -431 -304 0
353 47 -290 642 0
-907 470 -869 -74 1
-57 773 501 566 0
848 -485 957 295 0
-689 352 -637 336 1
-72 -777 585 437 0
743 121 773 185 0
794 996 -487 62 0
-290 -42 -231 -533 1
-873 328 -296 -268 1
-987 184 564 683 1
945 371 -702 483 0
450 372 -482 493 0
583 718 431 119 0
483 -483 -150 304 0
934 138 -801 797 0
-318 -848 -777 -454 1
-25 826 -463 -867 1
-299 930 662 -810 0
-862 412 -473 -15 1
168 167 660 -467 0
736 -566 -279 -792 1
861 -732 335 -491 0
672 -825 -550 -229 1
407 -119 -494 189 1
131 805 -815 374 1
-814 972 -517 303 1
-133 -108 551 -386 0
240 523 -156 -70 0
932 637 744 606 0
130 -227 -776 -206 1
596 989 40 -546 0
819 895 -940 -348 0
-37 434 -280 -508 1
775 -442 560 -562 0
866 563 757 -390 0
692 660 -770 581 0
-885 478 289 936 1
-1000 448 -892 796 1
-524 353 -556 884 1
513 977 -868 452 0
-766 -561 456 -643 1
-743 988 -94 -153 1
426 -886 -109 566 0
-518 -852 -592 -238 1
-289 -306 334 -931 1
505 -944 -770 -117 1
901 -937 -773 -230 1
73 -521 -622 -30 1
765 -754 -641 -555 1
668 682 -341 -134 0
788 -993 -311 -597 1
-200 -254 -374 223 1
-639 -239 -737 -909 1
921 779 116 -763 0
-337 -343 660 82 0
519 -72 -456 -712 1
-100 777 193 -752 0
197 464 784 -149 0
188 -288 -220 -482 1
-442 891 585 -479 0
935 161 -92 433 0
-252 838 -512 -350 1
-230 234 195 -496 1
563 698 -141 422 0
940 945 -19 -34 0
-671 -831 -499 -560 1
793 -607 -589 694 0
892 769 598 89 0
71 257 -823 45 1
209 846 -751 -735 1
722 -278 969 299 0
579 -274 -458 314 0
519 897 363 -690 0
-543 -825 231 397 1
883 582 -592 481 0
-823 -142 -729 43 1
43 -32 -468 249 1
109 -956 -277 -38 1
927 -879 198 853 0
-27 -939 -203 -510 1
105 -882 -468 201 1
-431 -687 -301 -232 1
-429 433 -731 412 1
131 686 -477 -973 1
409 -486 30 75 0
778 -219 559 -810 0
199 -592 498 -363 0
383 -378 180 968 0
-629 430 -446 -824 1
593 797 814 369 0
338 -961 525 930 0
395 267 241 -597 0
-238 -303 174 631 1
268 -122 -662 -54 1
730 -807 328 376 0
232 -47 622 -380 0
294 843 -819 304 0
924 -941 -53 180 0
76 509 -845 -496 1
-394 -721 696 -764 1
161 -758 844 -377 0
618 -339 -802 104 1
705 703 -782 -147 0
-363 810 472 -107 0
679 921 -822 328 0
-918 568 341 -420 1
-592 494 418 -117 0
138 -512 -669 626 1
574 -73 -999 -289 1
-340 153 122 -775 1
-214 -339 -322 230 1
216 -910 -35 794 1
-727 -736 970 -341 1
901 -579 -422 -145 0
-520 -345 914 -662 1
260 -587 546 -772 0
-291 699 622 389 0
567 -878 932 -160 0
-505 12 423 -859 1
775 -57 835 -192 0
410 137 938 278 0
739 -830 -500 130 1
-912 -733 -375 338 1
612 118 13 -299 0
671 -545 199 91 0
392 834 -15 -167 0
-918 -441 -792 409 1
854 -208 265 57 0
110 -394 476 910 0
505 -313 -733 -33 1
-419 -300 989 735 0
313 -545 -85 -513 1
-597 -783 745 145 1
-743 -86 -496 -689 1
-804 -458 776 -742 1
-941 -618 191 -635 1
985 -982 701 -724 0
-600 -834 185 728 1
-749 -584 -990 -989 1
-122 -660 972 -22 0
-83 66 -348 568 1
5 -674 390 399 0
-105 93 932 299 0
921 736 835 61 0
940 39 798 932 0
-622 59 760 683 0
420 960 328 860 0
-311 486 420 19 0
69 -960 542 971 0
-808 832 -600 -670 1
-976 -936 -347 596 1
711 903 -856 -24 0
138 867 833 -443 0
-262 542 -954 -570 1
95 -690 467 -995 1
-879 -213 -397 155 1
227 477 272 33 0
-417 -865 -147 -279 1
936 326 -147 826 0
-574 901 80 705 0
139 213 -32 -520 0
-387 -254 971 156 0
-77 19 -486 -514 1
-756 -339 -533 -481 1
-969 -407 -743 -560 1
743 16 68 -208 0
428 -9 995 434 0
233 557 -519 657 0
-32 -234 -613 558 1
-328 681 -754 -94 1
40 218 -165 436 0
624 631 -747 -109 0
33 -739 2 -11 1
-267 796 -578 568 1
-50 341 541 202 0
-737 510 -44 -886 1
-67 -112 713 818 0
-629 178 -552 -309 1
20 -855 -804 -662 1
381 -740 369 852 0
-120 64 668 -512 0
-304 -196 -631 494 1
-924 -663 -174 -773 1
379 -599 273 982 0
-268 674 800 565 0
687 -489 -228 38 0
359 902 -973 -108 1
-836 -759 -554 -602 1
938 -787 -702 766 0
603 -474 866 369 0
-445 162 -381 631 1
251 299 -591 545 0
-679 20 328 -769 1
667 -668 -28 293 0
885 517 -385 32 0
566 -322 -830 574 1
-693 -911 -739 964 1
-717 244 -450 -418 1
207 -141 -506 297 1
820 -722 211 -410 0
551 -373 -529 257 1
254 -54 -782 415 1
-658 211 -293 534 1
-584 -437 -824 -297 1
-2 -817 -302 186 1
653 830 322 -915 0
331 132 -458 -812 1
7 -786 248 266 1
27 192 577 -788 0
65 791 -661 -509 1
402 564 512 270 0
-529 676 -216 -284 1
764 21 33 -454 0
592 -266 763 -631 0
-238 -996 764 -302 1
619 -566 623 -723 0
598 -741 -320 279 1
-691 -512 640 -83 1
-1000 -493 888 123 1
439 -376 -880 840 1
424 -311 186 -845 0
-176 931 771 -638 0
389 671 -5 -694 0
-604 -339 -28 638 1
-529 807 190 -101 0
135 -215 962 -497 0
24 -993 26 -243 1
713 -709 -449 -576 1
235 -933 -180 483 1
732 517 -875 921 0
549 -727 697 61 0
-548 -715 -716 718 1
-956 -476 -334 949 1
703 665 -951 653 0
47 212 -37 -576 1
888 -348 -233 666 0
682 753 938 175 0
736 771 -752 -379 0
-883 -933 130 -312 1
442 718 -916 -451 1
565 -421 391 193 0
-136 139 -101 722 0
120 -301 -225 236 1
-412 196 -568 -336 1
279 -245 -3 -978 1
385 -865 977 -725 0
-325 -497 745 845 0
856 733 -683 818 0
608 -382 374 345 0
886 155 85 782 0
-767 434 -582 -32 1
929 726 915 174 0
-958 173 537 -433 1
-704 527 -438 128 1
-907 629 -316 -221 1
486 -838 954 -963 0
507 -91 240 -522 0
-205 -371 733 -319 0
581 463 -57 -604 0
897 522 -963 -52 0
781 -298 -165 -5 0
-784 -518 -338 344 1
97 110 -140 341 0
-57 44 410 -749 0
624 774 -72 -943 0
378 803 972 -145 0
-336 -971 -818 -879 1
54 634 -553 -404 1
-937 864 -684 170 1
-998 -990 -751 -552 1
-314 -207 -535 327 1
-890 78 -694 -583 1
-361 -778 -259 876 1
685 -536 -234 -511 1
-455 -92 -98 934 1
99 -130 161 659 0
850 -635 -779 62 1
708 -643 682 -534 0
736 278 677 151 0
-464 866 -275 484 1
552 -405 858 -417 0
-728 456 567 722 0
-200 -601 -13 552 1
275 496 -559 61 0
-667 -285 -123 -271 1
76 802 775 453 0
-225 -101 13 24 1
158 -641 -962 779 1
-650 924 -921 -233 1
-989 -888 -867 -42 1
-232 713 496 -797 0
648 975 -632 -650 0
175 -991 809 624 0
38 554 -601 -164 1
-778 -840 -438 845 1
-625 90 2 624 1
-663 -620 676 -779 1
662 -353 -728 321 1
-123 -348 -366 -80 1
382 -947 -305 795 1
-843 -335 626 433 1
910 539 -747 -555 0
-781 891 748 395 0
787 -300 -838 -785 1
106 945 707 -197 0
-253 -272 308 848 0
199 -663 745 -647 0
294 679 586 -525 0
-77 300 712 537 0
222 626 -316 -864 1
868 -722 -776 492 1
-389 -101 614 -918 1
735 -554 835 530 0
316 -993 945 345 0
-126 840 -213 8 0
107 -376 -212 -572 1
125 -818 -780 779 1
160 -34 -315 -550 1
922 -219 -339 238 0
555 -784 372 921 0
-599 194 820 34 0
-521 620 115 -954 1
989 -436 -81 47 0
-427 -196 -821 -417 1
-158 -922 498 -475 1
583 807 157 -295 0
-811 -355 241 294 1
-181 -697 -446 372 1
-302 502 -429 320 1
839 -345 -90 28 0
-404 -540 132 -313 1
-48 324 742 -891 0
-708 -692 609 -417 1
-898 276 -176 -982 1
-617 -651 415 133 1
-487 718 -489 -550 1
-202 -15 -4 -116 1
-764 375 129 -79 1
674 441 598 -706 0
-765 49 -952 291 1
-881 -241 -483 283 1
-156 625 -297 716 0
-152 781 437 -219 0
-559 -171 -518 -601 1
620 468 -942 174 0
683 -788 -896 -256 1
929 -346 -981 544 1
-398 -805 315 938 1
935 799 -880 658 0
140 -755 603 -248 0
551 108 158 894 0
888 60 136 47 0
780 -748 89 -735 0
796 635 159 -275 0
14 -843 843 471 0
-890 -603 -8 561 1
755 194 316 -35 0
686 730 563 -934 0
-840 -540 -520 772 1
23 -472 771 -28 0
-42 -455 949 745 0
-793 214 695 -112 1
-320 -836 500 847 1
-441 -522 903 630 0
361 559 857 298 0
-155 540 -818 -477 1
-188 71 736 -415 0
927 -752 -577 -280 1
-632 -928 -378 245 1
-665 213 59 725 1
954 -455 833 351 0
662 -539 -904 164 1
714 -554 540 -580 0
-491 389 -300 177 1
96 345 78 -959 0
547 -74 -158 206 0
420 534 -949 -92 1
-100 -635 -313 714 1
-340 277 -975 -615 1
905 841 -350 979 0
-171 932 -729 554 1
-866 -288 -56 400 1
890 836 699 -483 0
-494 -973 -791 503 1
-796 -501 506 40 1
-95 458 421 -967 0
275 -754 -613 621 1
380 507 315 -207 0
122 -86 -103 -372 1
611 927 -166 -907 0
77 -227 424 902 0
57 763 125 886 0
212 374 483 212 0
524 777 658 306 0
463 -960 841 485 0
-949 -529 -847 514 1
273 -155 3 469 0
-190 -671 -940 -906 1
222 292 -603 -52 1
308 -780 -386 754 1
665 523 -653 833 0
952 -987 589 -503 0
479 -60 -503 -326 1
580 48 -475 62 0
262 -427 626 336 0
543 -798 -513 -784 1
-457 156 484 -939 1
217 300 -173 754 0
-450 -82 111 -691 1
-491 989 478 852 0
-105 -182 -309 -181 1
-423 993 -717 -744 1
-832 639 -791 818 1
-576 -768 -796 -500 1
-665 634 -961 715 1
753 -641 -617 -545 1
-355 693 237 -961 1
233 416 -725 842 0
333 -27 -954 -167 1
223 366 -616 956 0
-876 25 299 -640 1
732 456 -228 415 0
-7 -848 334 18 1
458 232 -822 179 1
-551 480 249 -707 1
-342 428 653 133 0
291 -255 -121 444 0
248 799 -783 566 0
-422 570 232 564 0
-98 230 133 -887 1
-482 206 -213 -463 1
-749 -424 -246 555 1
-342 -876 184 -896 1
-264 -263 231 995 0
203 -426 -537 -824 1
-991 -291 -923 387 1
-859 -210 -414 342 1
712 -624 69 538 0
51 726 -203 -632 0
-586 -808 -591 -288 1
639 -180 -381 -734 1
481 -558 318 -319 0
103 -891 940 -376 0
872 403 -150 -866 0
696 811 356 -941 0
400 624 -198 750 0
-518 498 953 239 0
660 -511 722 -946 0
-642 673 -345 21 1
-891 452 895 -285 0
-685 206 629 -146 1
377 725 -768 217 0
-18 -93 508 -684 0
-160 199 -973 -764 1
176 -378 629 -817 0
-641 302 498 870 0
-762 -689 -667 -89 1
92 682 -358 -934 1
161 -503 -153 79 1
-878 225 638 -152 1
170 400 -467 730 0
84 547 985 -808 0
596 -662 -168 482 0
951 -368 401 889 0
408 275 810 -921 0
-533 254 845 74 0
252 -671 -916 283 1
-532 440 -407 -32 1
-388 931 795 -824 0
-118 984 -156 -822 0
-312 -905 667 360 1
121 -990 -983 -40 1
-462 -939 905 941 0
-826 -253 215 -100 1
-923 394 -849 -461 1
581 543 399 815 0
323 -539 603 736 0
223 298 819 -205 0
443 864 -481 666 0
-127 -121 422 -346 0
95 236 -711 372 1
48 218 -739 -824 1
833 287 -959 331 0
-510 701 -210 544 1
-972 -114 617 -592 1
301 977 -950 225 1
381 -213 -163 728 0
-64 -480 727 208 0
959 84 -818 -77 0
336 477 -873 -271 1
493 -96 -18 411 0
-858 592 -266 -328 1
-620 -564 -759 179 1
996 681 -370 -862 0
247 -876 762 317 0
990 44 53 863 0
762 401 632 435 0
-210 -507 858 -38 0
608 -32 689 -967 0
-275 -477 -776 -445 1
147 -905 -656 -254 1
-842 -71 656 -444 1
466 124 620 -335 0
-277 -402 -754 -138 1
137 141 -648 133 1
971 -823 964 419 0
345 293 318 6 0
-844 -614 -878 -761 1
807 432 -491 -899 0
-365 -819 -671 -901 1
-255 926 -99 -149 0
-362 -225 590 707 0
508 446 -806 914 0
64 -453 -812 116 1
337 253 -297 -32 0
314 -813 -902 686 1
224 -667 -475 -187 1
-631 32 313 -581 1
-763 -445 -271 -324 1
405 231 971 77 0
9 930 902 83 0
-331 -270 -214 396 1
192 715 -133 -742 0
554 -676 171 -326 0
22 -903 398 818 0
-323 112 -996 -315 1
-466 -503 -952 767 1
-149 872 -939 -951 1
443 712 -260 43 0
657 111 217 802 0
401 -146 194 91 0
-629 -732 963 -508 1
633 -381 608 -476 0
52 866 -113 -183 0
-154 463 863 -555 0
772 -825 645 315 0
737 -612 48 -514 0
325 -257 -566 -443 1
713 -697 166 -765 0
494 201 -178 5 0
505 887 655 344 0
-109 552 888 689 0
337 -737 -994 -344 1
615 -224 217 797 0
680 809 -129 -639 0
-831 831 -217 536 1
521 -75 -369 -819 1
137 43 -972 667 1
203 640 -239 -767 0
865 260 860 -430 0
-50 -447 -222 -117 1
464 -737 -976 -179 1
802 787 -391 195 0
816 -709 369 935 0
-821 720 392 -488 1
542 827 -115 -273 0
53 -274 -114 -881 1
-368 614 712 254 0
-718 104 339 -869 1
969 -656 764 936 0
525 -279 665 286 0
-836 789 763 465 0
-810 -722 646 353 1
-745 176 -250 -86 1
0 -983 429 -866 1
8 158 -470 316 1
-974 104 -260 -271 1
-522 998 -120 225 0
-50 -618 374 160 0
-596 -484 -462 -893 1
-555 573 -626 709 1
583 -774 -724 -315 1
-663 1 835 -6 0
309 -111 -970 627 1
-943 -843 -166 299 1
-381 473 -294 6 1
-317 1 -168 924 1
480 264 595 198 0
-807 112 13 -628 1
-740 -861 18 -913 1
-379 462 -377 -53 1
226 -296 -861 -4 1
166 598 -136 -419 0
-808 -606 -581 577 1
-183 -988 -786 963 1
130 -456 9 -857 1
-703 754 454 310 0
905 -820 -157 -931 1
-290 -690 -321 -65 1
-931 209 -766 987 1
-807 -511 -144 77 1
400 183 -80 434 0
-315 -519 555 -220 1
-879 42 221 -472 1
-691 550 932 494 0
-64 -704 673 700 0
541 -957 48 489 0
-956 650 307 819 1
421 502 -666 -635 1
224 701 -735 273 1
653 -767 193 387 0
-743 -96 -243 443 1
483 -161 -142 443 0
975 -942 -202 -10 0
731 -744 798 875 0
-913 -365 297 -876 1
570 582 525 -118 0
-806 479 -535 945 1
203 826 -4 -148 0
-862 817 25 383 1
650 858 425 163 0
-468 -411 526 965 0
99 23 808 -487 0
-229 -442 95 118 1
-466 -401 -590 208 1
459 803 340 633 0
-994 -543 489 35 1
802 -753 542 -697 0
-603 688 -294 -985 1
-394 258 -645 -368 1
-650 396 959 883 0
-576 -156 979 757 0
-48 310 -58 465 0
-917 -490 576 234 1
-565 -170 171 51 1
1 260 716 739 0
838 388 -912 -644 1
-657 -726 -986 -561 1
15 990 316 -106 0
-84 -690 707 904 0
883 -330 -284 -423 0
208 866 -249 -241 0
891 35 -965 -63 1
553 -759 236 756 0
-758 44 -16 -600 1
-28 356 -910 -293 1
-44 -3 -528 498 1
170 -187 -482 -318 1
487 970 151 636 0
938 -839 -662 114 1
-290 -286 -176 -602 1
-756 -106 -129 328 1
-28 -263 -254 623 1
603 924 -310 556 0
318 24 330 871 0
650 88 510 -93 0
924 -626 898 254 0
-591 77 205 902 1
566 452 -985 6 1
257 755 -764 390 0
289 -61 821 -883 0
-797 158 859 614 0
621 -475 992 575 0
842 515 933 -371 0
497 231 453 447 0
833 -684 34 168 0
-883 628 169 330 1
-765 -174 -861 -147 1
678 -833 290 425 0
664 416 690 89 0
502 -449 284 -159 0
-799 -479 -894 799 1
-412 -233 664 870 0
-489 -765 -634 -892 1
-107 -94 -872 966 1
-197 460 -795 -230 1
-184 -516 938 -401 0
262 863 609 -900 0
-571 -202 -677 -311 1
753 -947 766 -747 0
-822 -194 235 944 1
-708 229 -883 -156 1
864 523 -357 -351 0
72 -600 -207 978 1
-391 402 653 665 0
-211 -291 265 -430 1
-216 -327 100 -725 1
648 716 -506 -242 0
-771 293 -377 -915 1
16 -220 -940 857 1
-847 -284 423 857 1
-14 -778 -715 -160 1
213 -449 967 452 0
-195 550 55 98 0
-495 -259 39 526 1
-853 -532 961 158 1
419 -934 -881 973 1
-28 133 792 -4 0
-285 -999 762 302 1
-145 -381 -744 -139 1
-165 551 831 -531 0
719 -496 272 -975 0
-76 518 -597 -737 1
-687 -59 -595 -742 1
-46 78 -537 842 1
-201 -222 269 609 0
184 -735 729 45 0
-740 -348 615 754 1
728 1 980 353 0
533 -209 5 915 0
953 -348 -616 -984 1
743 -159 -173 -145 0
851 998 -498 779 0
-409 502 654 -402 0
588 -413 -67 -453 0
-42 265 -816 983 1
141 -139 701 656 0
518 -805 979 -301 0
582 291 -392 -391 0
592 809 -170 -731 0
-272 554 619 271 0
-662 -73 -617 -127 1
-785 338 586 -768 1
116 -48 855 -392 0
98 -789 -929 -109 1
-710 907 591 -178 0
816 -670 201 -159 0
-535 288 44 -900 1
307 -801 -227 -897 1
-597 576 -803 -982 1
276 -272 818 -304 0
809 431 945 256 0
-154 43 54 6 1
626 838 564 419 0
799 -564 -541 934 0
-554 200 -60 -516 1
-622 -46 -913 721 1
-223 68 -994 348 1
-375 -857 -603 -962 1
146 -768 370 -752 1
-243 968 -516 -954 1
960 895 -164 -85 0
-276 -795 -429 -576 1
-189 682 -47 -164 0
749 224 -14 -201 0
-16 -741 77 -669 1
299 672 925 -117 0
-346 579 562 362 0
-166 -715 849 726 0
262 -593 -156 -66 1
-604 459 788 -218 0
220 320 360 621 0
603 488 -799 884 0
715 757 -837 248 0
199 800 644 881 0
906 -974 -62 -352 0
909 -674 572 975 0
-96 287 606 -891 0
-294 -158 -809 -925 1
-757 521 -710 507 1
-545 355 40 46 1
59 523 224 -450 0
572 89 -880 881 0
-124 -303 741 -697 0
350 -237 -311 -368 1
-398 -435 -251 -878 1
961 641 -116 -386 0
36 -506 478 -449 0
750 157 -204 390 0
798 177 -95 230 0
-669 129 21 -638 1
-541 533 685 -221 0
-194 -77 373 -983 1
962 -787 926 492 0
183 100 568 862 0
630 248 311 768 0
428 -424 -412 -474 1
-975 662 -721 -831 1
-875 157 -444 642 1
108 779 -55 392 0
456 934 928 -557 0
-594 223 -108 691 1
-739 -565 186 335 1
277 -126 -562 -356 1
-97 -624 29 705 1
575 -590 712 807 0
-267 5 897 -621 0
604 -488 350 -980 0
-754 -621 -502 -896 1
432 644 193 -257 0
-541 608 -458 699 1
-533 -241 906 -634 0
-850 -989 -842 -979 1
476 694 916 -992 0
-286 -460 -166 588 1
220 413 958 926 0
115 763 535 842 0
853 -521 463 513 0
730 151 -539 -368 0
-8 -877 -579 447 1
109 -125 415 944 0
-821 35 -614 -485 1
-566 -552 604 753 1
80 252 -7 924 0
160 -505 935 -888 0
-583 -630 893 977 0
297 564 366 -199 0
400 333 721 -970 0
321 315 15 -622 0
177 -59 925 813 0
916 331 -809 -650 0
-387 219 125 923 0
-680 -299 654 564 1
841 181 -818 683 0
-125 -31 -957 327 1
-372 229 865 671 0
-833 812 -798 711 1
461 -248 268 -103 0
-427 -341 158 410 1
-295 461 -617 -457 1
651 -344 -963 -6 1
979 -375 555 34 0
-230 403 -432 499 1
-200 564 -4 475 0
-695 -279 -874 -455 1
-933 946 -835 800 1
707 269 101 -863 0
-437 -57 990 -964 0
-187 -809 494 49 1
-906 -434 4 1 1
-495 -695 -820 436 1
-422 -541 540 863 0
-290 -938 -106 823 1
-630 -20 265 -49 1
-423 218 -794 -244 1
-723 478 -116 104 1
-895 -100 553 -952 1
846 -863 -704 362 1
-953 -759 420 694 1
-78 463 463 639 0
81 -554 -46 890 0
767 411 -392 -746 0
903 853 121 -461 0
-391 147 217 957 0
829 110 -931 -624 1
604 -357 -677 333 1
257 -237 666 616 0
-598 -445 -590 -448 1
-135 173 523 39 0
-367 -578 -280 415 1
-761 -594 925 964 0
432 903 -841 -548 1
453 -705 487 585 0
-515 -952 -108 -43 1
237 760 278 184 0
321 -737 -201 -341 1
822 721 -350 666 0
500 738 -842 895 0
241 902 -949 -652 1
-294 841 -551 386 1
170 57 107 -145 0
-115 -880 -755 -236 1
273 503 885 997 0
613 396 -362 -535 0
-612 -200 -41 345 1
486 -847 -268 -363 1
91 -31 739 -811 0
611 137 217 -38 0
484 -291 -679 909 1
810 942 -943 -742 0
219 -21 -559 402 1
408 892 176 -453 0
-819 -7 -24 -496 1
356 721 387 -695 0
694 -220 -829 954 0
-941 -39 292 707 1
510 -813 503 -770 0
10 -550 225 -900 1
368 -640 70 528 0
486 -43 735 73 0
100 -966 -686 -968 1
-787 -825 474 -846 1
-818 -334 54 42 1
-855 -659 87 382 1
480 123 867 783 0
890 -191 -887 7 1
980 118 -887 398 0
80 205 196 163 0
-37 577 -839 727 1
841 -708 -613 163 1
412 -557 -335 158 1
33 -525 718 -970 0
-314 -753 -689 -521 1
-398 427 -934 -204 1
-724 -512 -220 -33 1
799 136 -366 -192 0
173 472 724 -303 0
283 -318 -576 -312 1
853 -564 -688 742 0
-177 798 802 596 0
-797 -68 -314 280 1
438 -140 874 538 0
-302 -25 498 -813 1
561 -81 -591 -321 1
-140 706 470 569 0
-218 243 796 152 0
-344 -242 -762 623 1
-321 976 513 -479 0
-34 271 -395 -690 1
79 -363 -545 -21 1
-457 -316 -703 -129 1
-795 399 -247 -807 1
-388 -258 -875 382 1
-377 -938 302 241 1
-777 -251 951 327 0
-510 163 441 -931 1
328 -989 -673 -567 1
-638 -422 -88 139 1
654 217 -155 -227 0
-770 -467 632 -776 1
172 -18 -8 712 0
-992 175 479 -979 1
221 -461 411 -60 0
483 518 -237 582 0
-527 -370 692 -683 1
795 65 984 -629 0
-432 -886 539 708 1
-905 -908 -602 540 1
200 -613 63 738 0
65 253 -65 -967 1
151 -686 -799 456 1
-669 -421 174 581 1
40 -177 -635 247 1
633 -227 -666 -505 1
-970 516 -657 -690 1
774 -717 559 -242 0
726 -275 500 448 0
442 -558 106 -704 1
-851 836 271 172 1
-167 -181 -357 362 1
830 374 -914 486 0
-565 -607 -311 812 1
320 648 593 -144 0
364 -636 -377 639 1
-296 697 647 -692 0
188 -90 -185 -610 1
99 319 785 712 0
-654 -210 -154 587 1
-248 9 914 858 0
-79 -82 5 -959 1
293 699 860 240 0
907 854 -643 414 0
-422 298 772 786 0
-253 -417 124 480 1
-979 494 413 -79 1
741 -312 94 -337 0
-97 786 -157 -1000 1
-619 750 918 -419 0
541 429 -484 913 0
-198 -464 418 -76 1
118 -777 132 -961 1
32 -126 735 700 0
-61 908 -895 699 1
371 -436 -117 836 0
337 -560 -735 218 1
-825 -852 900 741 1
559 -818 350 942 0
569 -9 -669 -968 1
109 -875 492 -171 0
323 -190 104 754 0
346 474 713 841 0
-322 329 227 554 0
938 -72 -125 -156 0
124 298 27 465 0
610 420 357 -780 0
-863 -122 -420 42 1
400 -979 379 -27 0
260 938 344 530 0
747 365 830 368 0
-201 -69 921 -359 0
-374 -916 -316 -150 1
43 838 580 -221 0
-961 250 169 582 1
-437 537 269 -986 1
871 748 -126 -606 0
41 -491 -787 982 1
-262 280 952 -662 0
763 343 -76 -777 0
-220 -949 358 346 1
-702 -315 102 -220 1
-943 -676 20 -796 1
15 889 -46 317 0
-352 -612 571 -581 1
101 -797 -564 -630 1
436 549 367 -310 0
288 838 -299 24 0
-200 899 70 302 0
-560 -436 -141 225 1
-170 -424 -950 260 1
-664 -120 522 -461 1
-384 -968 -18 -652 1
639 -537 628 -440 0
-949 138 -303 196 1
-618 73 -139 593 1
-92 592 -89 -608 1
697 -700 976 -435 0
950 625 -846 730 0
951 149 -982 206 0
121 -4 563 621 0
-396 -180 926 -103 0
581 -354 775 -727 0
-173 668 -889 661 1
176 433 3 -138 0
-949 522 421 -930 1
467 864 -991 -161 1
132 390 347 -226 0
902 353 739 85 0
-530 -443 -309 925 1
-584 -166 -771 -958 1
209 -635 -363 577 1
-510 918 631 241 0
-211 567 862 -819 0
162 209 248 353 0
-804 -918 581 -970 1
-404 -457 -557 -204 1
83 118 -745 326 1
750 529 664 493 0
-803 57 701 -14 1
-170 898 109 -722 0
-83 429 385 694 0
-32 713 -311 438 0
743 750 187 -250 0
884 265 264 -267 0
-504 -810 -770 -581 1
-767 -627 367 -828 1
-351 -756 -250 -516 1
481 -256 698 -894 0
721 88 259 -242 0
-854 -996 -45 -916 1
855 739 -829 -924 0
557 -699 -501 -760 1
561 306 -485 -893 1
-165 -94 189 96 1
-121 206 692 -263 0
-494 281 910 49 0
-177 -284 -511 717 1
-15 -510 -650 -263 1
-169 -469 633 745 0
7 -83 893 73 0
-654 212 854 -756 0
-887 963 315 -962 1
-323 872 398 -368 0
-884 -685 186 512 1
928 -738 -953 -484 1
-740 688 -718 731 1
-240 -27 -664 -369 1
-993 324 360 69 1
518 888 -94 -148 0
-51 948 720 530 0
194 188 -4 512 0
-754 339 -232 -434 1
521 -186 -494 689 0
897 625 940 -628 0
158 -929 224 -434 1
652 863 -394 -237 0
328 -802 963 538 0
-668 -189 210 -251 1
-159 -818 229 -76 1
845 984 826 726 0
-326 935 482 329 0
747 -851 -559 577 1
452 -683 -489 544 1
-196 671 -360 -699 1
280 7 -946 232 1
790 587 495 -131 0
-236 734 -104 -823 1
-346 -973 812 650 0
-4 831 -569 464 0
429 -881 683 820 0
61 32 -500 135 1
-383 175 120 491 1
-52 407 -329 -93 1
-784 295 -243 176 1
-634 -257 -472 953 1
-449 -983 551 9 1
-943 79 208 -205 1
852 -755 7 -672 0
-865 -585 804 811 1
-92 -628 -202 625 1
270 -970 889 179 0
353 -171 694 -681 0
-166 234 -818 218 1
-739 753 -708 -261 1
297 419 718 -285 0
-224 111 -580 -119 1
43 30 -268 -212 1
-950 508 289 -56 1
-21 -931 -829 -704 1
-550 337 387 803 0
958 -385 835 270 0
-13 -170 -481 -802 1
-656 886 -873 -99 1
594 181 155 905 0
-831 642 -955 242 1
-312 878 764 -328 0
-822 -20 -744 729 1
-411 -226 83 885 1
438 -778 -180 -443 1
-651 -946 626 -654 1
-276 -88 511 -652 1
-216 767 -316 87 1
-186 423 261 -25 0
-462 -604 -444 504 1
755 68 -896 861 0
889 60 -416 804 0
-441 862 -509 -491 1
-617 -522 348 554 1
354 -197 -842 -836 1
-320 -640 794 184 0
-809 -733 671 176 1
605 -500 -220 770 0
-284 770 -541 197 1
262 710 887 -669 0
783 748 799 -620 0
-534 -29 -768 202 1
402 -768 -536 246 1
-383 -327 98 949 1
8 2 864 -291 0
-546 847 -329 383 1
-16 -412 775 -919 0
226 -603 -775 830 1
848 548 665 -125 0
732 -614 -851 123 1
821 791 -764 442 0
-358 -847 446 456 1
-741 472 -210 809 1
819 -648 715 21 0
553 280 744 108 0
269 837 -904 663 0
-416 -138 -373 487 1
-484 -666 285 -676 1
-354 -762 -821 840 1
141 527 871 794 0
495 643 680 -214 0
-6 898 187 -608 0
246 -76 667 718 0
-499 618 341 -343 0
-663 294 654 724 0
300 -811 786 -201 0
820 406 -413 358 0
-374 746 71 835 0
770 -747 -962 -631 1
-328 911 -479 -670 1
760 231 537 86 0
243 -680 117 -855 1
-654 696 -602 -108 1
-854 119 475 -57 1
411 -801 360 867 0
-325 -74 982 138 0
-201 -838 -707 18 1
-687 -79 -778 935 1
-210 576 874 800 0
4 997 771 915 0
577 526 569 -441 0
-163 -922 933 637 0
29 712 611 -779 0
22 -349 -756 915 1
275 -456 -508 257 1
-155 79 -105 -829 1
315 -208 168 239 0
-650 -834 233 471 1
318 256 367 677 0
-314 153 858 900 0
785 326 460 913 0
139 -858 949 50 0
934 116 -38 805 0
-594 -703 -358 472 1
-182 -201 -506 543 1
-515 784 299 25 0
435 220 366 -446 0
853 -350 -286 -250 0
124 -501 -459 -106 1
-252 552 -730 -639 1
905 352 173 -711 0
-158 511 -764 -21 1
-436 102 585 950 0
65 594 21 -911 0
-129 923 -286 -307 0
107 -342 -253 -383 1
528 -670 -265 702 0
-729 -974 389 -832 1
-181 617 -222 558 0
717 897 537 -703 0
-239 -12 312 -120 0
-943 777 668 -850 1
-613 -82 -427 124 1
543 -121 -605 222 1
-424 579 856 -310 0
-466 335 -836 -356 1
892 -787 -163 269 0
924 -488 598 -980 0
-546 51 700 -482 0
337 511 -259 117 0
-406 -683 718 -121 1
-445 657 320 -265 0
521 139 632 301 0
427 859 -559 859 0
348 439 810 43 0
190 -756 -537 700 1
-973 431 837 -449 1
-197 115 -427 -240 1
116 -743 -26 -869 1
138 634 -718 -385 1
-594 626 129 -636 1
515 657 -789 -981 1
602 113 -952 968 0
-9 962 688 874 0
743 438 651 481 0
910 -4 66 -408 0
276 -198 -485 -640 1
-545 -952 308 188 1
131 -817 -640 686 1
78 -606 -615 514 1
930 396 202 -181 0
327 -64 -4 375 0
209 -944 -224 -10 1
-315 81 -131 61 1
-136 -607 -620 400 1
-377 -444 -234 89 1
-356 -770 -698 -883 1
408 155 68 -386 0
878 -975 176 149 0
188 -103 647 29 0
-597 -91 450 488 1
4 -322 468 334 0
528 -880 754 814 0
-279 -441 540 -270 1
-457 344 -515 890 1
799 -30 794 140 0
697 384 -522 -92 0
681 -948 287 205 0
257 210 563 -643 0
627 -114 -453 -492 1
815 -537 903 -758 0
279 -735 -351 -103 1
-799 60 862 877 0
-964 -995 30 784 1
-728 -473 -899 -109 1
843 -731 192 -804 0
-650 333 853 -486 0
146 216 314 -358 0
-974 393 77 437 1
674 -798 710 560 0
868 -374 727 -636 0
-999 -174 616 644 1
-334 361 779 935 0
883 -902 -127 -901 1
-470 269 800 592 0
938 987 -353 -989 0
544 -426 347 547 0
-813 336 938 651 0
-258 343 -655 910 1
-506 970 -426 415 1
339 -306 -681 863 1
-203 -836 -449 -37 1
885 402 556 -721 0
68 -155 -333 -163 1
112 635 -58 709 0
-527 984 -372 471 1
-893 284 -403 -761 1
-41 -67 749 -486 0
-552 705 -894 871 1
-826 602 284 882 0
327 -543 -681 -30 1
-87 -674 -780 825 1
333 -532 577 -143 0
-668 -526 -700 313 1
-583 608 -15 671 1
-453 -875 108 -989 1
-389 -150 -458 543 1
-838 964 128 103 1
-406 -169 -884 277 1
-453 652 -343 694 1
353 -752 665 -151 0
-706 461 603 -357 0
-291 75 -35 -216 1
-589 473 409 223 0
212 224 331 -562 0
-164 130 628 863 0
756 523 943 954 0
100 810 -677 -700 1
299 928 -637 479 0
27 464 -297 390 0
843 856 372 947 0
-516 492 264 -46 0
-661 -746 898 -205 1
-923 -110 972 290 0
638 -953 863 -830 0
-542 -345 -277 913 1
-342 522 892 854 0
-568 -444 -311 329 1
-137 952 667 -382 0
583 771 -267 831 0
-320 -752 430 -248 1
-499 -706 711 65 1
143 821 -552 -425 1
-245 -635 191 -106 1
-61 719 -707 24 1
178 677 903 -360 0
241 -616 964 910 0
-78 -413 951 -573 0
290 293 25 541 0
-152 -897 -451 -693 1
-485 702 79 258 0
-464 259 141 -684 1
-793 -222 -487 654 1
381 931 -321 -760 0
293 -513 -804 865 1
891 66 -965 421 0
-259 868 69 888 0
70 -199 887 34 0
-289 -155 25 457 1
-22 858 -42 -302 0
367 -311 999 -40 0
-822 -634 -329 775 1
602 -437 -583 -374 1
520 -947 -565 424 1
430 303 373 876 0
519 238 -142 -769 0
783 -831 -44 599 0
-65 -984 532 78 1
162 399 760 423 0
377 -288 819 208 0
804 970 712 38 0
-616 -247 638 -256 1
651 591 -225 167 0
-960 -169 -842 -921 1
-810 197 679 -28 1
366 -323 967 -851 0
479 -840 -970 -632 1
331 -662 -861 -40 1
568 599 -979 -323 1
121 266 988 -139 0
237 69 -420 -234 1
504 881 971 155 0
-817 -657 337 -102 1
880 185 -404 -792 0
719 -134 53 -578 0
-605 -778 -533 567 1
61 -900 254 163 1
893 651 -473 -454 0
-662 -209 -676 -869 1
-886 759 144 111 1
168 -843 466 -75 0
224 -920 762 -525 0
-902 -96 221 -675 1
967 -858 836 170 0
-854 852 764 683 0
-367 -415 828 -440 0
-879 -765 -619 52 1
-577 -526 135 71 1
583 150 -230 572 0
556 -785 157 -802 1
-198 -511 134 -148 1
952 -557 -69 967 0
-195 9 630 442 0
-30 414 -868 -81 1
899 -703 -615 996 0
-487 798 553 -756 0
-355 353 -337 431 1
-252 -392 514 -328 1
955 110 216 -607 0
232 -757 373 180 0
270 -2 -381 -948 1
-399 -142 -985 403 1
-637 850 208 903 0
166 777 972 82 0
183 812 -396 -929 1
-948 -861 -359 -341 1
-978 299 -996 719 1
-996 -136 659 943 1
-904 -534 -148 -686 1
820 -356 -601 -398 1
-640 -201 -429 -743 1
212 96 546 -44 0
-318 -316 840 934 0
-328 -244 670 667 0
-603 -120 -812 -271 1
-753 365 -446 187 1
685 708 -594 985 0
-104 185 736 505 0
696 -24 109 -353 0
-121 418 590 353 0
777 524 -286 -350 0
198 -654 -81 320 1
-309 -498 -564 200 1
-179 -331 359 -67 1
-864 -373 -445 729 1
-694 -305 849 439 0
233 -4 -794 493 1
-336 378 772 346 0
15 -493 -953 564 1
373 565 545 718 0
-145 -284 298 466 0
953 405 988 783 0
-389 -395 865 -559 0
6 70 -663 -290 1
835 -934 -891 39 1
528 768 219 596 0
-530 -688 -256 735 1
85 -417 -596 887 1
85 458 -922 408 1
911 640 182 -982 0
-484 108 809 272 0
32 771 -487 59 0
523 939 -242 247 0
273 -969 183 996 0
-51 444 -219 -192 1
119 286 470 -773 0
977 510 -948 300 0
663 -204 -726 -658 1
289 609 907 -523 0
-37 -85 -432 251 1
-579 -699 518 -511 1
61 857 393 939 0
473 487 666 -38 0
112 -101 266 -886 0
971 -715 -588 11 1
122 -809 965 604 0
250 655 216 -915 0
952 488 814 714 0
38 -752 -944 918 1
567 809 160 -136 0
395 -193 729 514 0
930 -193 388 234 0
-74 -991 382 535 1
383 635 -426 83 0
136 444 889 -449 0
-167 107 939 489 0
48 132 348 -717 0
50 -842 -385 219 1
179 -963 909 479 0
432 -727 509 -253 0
792 30 83 -813 0
-28 391 -111 529 0
-451 492 267 676 0
194 299 -891 401 1
-495 280 326 -344 1
404 514 -748 -609 1
826 -472 -957 -589 1
724 -676 733 -582 0
784 926 -377 -604 0
-219 -310 -865 692 1
-475 281 532 -66 0
-477 -913 -911 -522 1
614 -652 136 97 0
-962 175 81 206 1
-288 -808 -524 -322 1
338 766 -396 -814 0
106 362 -40 -847 1
-177 95 -498 945 1
431 175 -951 -75 1
-901 -176 -490 360 1
-155 -3 -970 92 1
-976 704 -489 234 1
-595 -796 232 -18 1
830 -168 941 -25 0
553 716 634 -832 0
958 -523 -317 -660 0
949 -478 915 -290 0
-801 693 -980 76 1
-125 521 -893 -55 1
-557 -606 -585 -344 1
-50 864 -996 555 1
-856 733 -81 -162 1
253 89 664 502 0
-234 200 -282 373 1
-801 -979 -825 -688 1
-524 -227 693 719 0
-323 496 -209 110 1
-591 -118 -714 722 1
-153 -511 -163 358 1
268 536 -817 144 1
-907 -324 89 751 1
326 643 687 -856 0
440 467 547 868 0
-122 -329 389 872 0
161 494 589 -939 0
46 -862 441 629 0
461 -177 -766 755 1
972 -67 648 152 0
-45 -990 412 687 0
-761 -426 317 172 1
-626 -634 -929 -485 1
348 -109 803 182 0
28 558 26 -9 0
-249 -249 -531 56 1
153 211 -142 24 0
-170 204 -51 314 0
-34 -916 -104 -149 1
-445 -800 -642 418 1
-213 -276 505 82 0
313 -248 3 -597 1
-226 -659 -458 364 1
906 552 -777 -908 0
338 -914 768 -293 0
933 -398 -891 584 0
-144 -100 298 -767 1
-662 -90 -608 623 1
399 909 -958 -421 1
-302 -688 -134 -659 1
-508 513 -276 -151 1
354 -467 -162 -308 1
465 420 89 608 0
-681 886 -699 253 1
-492 -660 721 966 0
-440 -594 -751 601 1
-866 -275 -455 731 1
450 -184 -363 -249 1
-462 -144 -607 -407 1
902 512 426 -233 0
818 -559 -788 -462 1
165 -683 942 633 0
-217 -943 956 583 0
282 -125 803 602 0
398 -248 716 -694 0
-80 -191 134 -113 1
-941 749 267 672 1
736 786 -119 202 0
247 -601 769 451 0
-988 -767 -459 497 1
-165 588 -149 -67 1
94 -786 70 501 1
-346 917 780 112 0
-613 278 -320 287 1
701 665 -45 -780 0
791 204 406 -398 0
-569 834 741 439 0
325 316 63 -99 0
-937 325 -888 -292 1
897 2 -303 862 0
-722 15 329 485 1
-622 672 -886 -747 1
-900 837 -636 914 1
133 445 -1 693 0
-469 721 905 -940 0
-886 -336 -513 -552 1
-274 823 -224 957 0
365 357 709 -349 0
16 94 -169 923 0
-16 -990 -887 -457 1
665 891 640 -184 0
520 -885 469 155 0
605 914 591 239 0
-473 837 -715 -349 1
467 -671 485 -68 0
-95 300 -749 805 1
-901 -36 862 471 0
336 816 991 -11 0
542 -385 -900 -560 1
606 -888 -600 -636 1
-611 345 -105 962 1
-738 -267 91 523 1
12 -479 -257 -477 1
388 973 -764 984 0
127 247 908 -715 0
910 -278 -151 -965 0
354 -690 -54 -772 1
953 -719 385 340 0
-872 2 626 -993 1
-391 -144 -196 917 1
-599 989 -358 -208 1
-959 -933 -324 -89 1
-353 -919 -414 856 1
292 817 -764 361 0
420 653 -133 -165 0
814 -719 961 -180 0
-119 -462 -859 284 1
858 982 -944 -442 0
157 330 308 588 0
465 -233 296 784 0
-665 187 -516 -252 1
395 -339 209 987 0
-855 771 -150 -20 1
500 -114 368 -680 0
225 -596 711 304 0
448 -254 -437 46 1
705 -609 -59 -824 0
-620 617 -339 810 1
-151 158 -899 654 1
-568 288 520 -391 1
-169 -544 -668 93 1
887 281 844 -661 0
-577 -770 -495 -661 1
-418 -93 -567 -375 1
673 -242 476 -645 0
-173 30 -978 30 1
634 125 800 -50 0
334 290 -861 -428 1
836 669 -223 -371 0
322 786 -626 -872 1
608 -47 -893 993 0
-136 -922 -493 -805 1
-406 -186 -113 513 1
-715 808 -408 932 1
-663 -824 224 470 1
-800 896 183 -78 1
-982 -530 857 -594 1
-744 -738 -582 694 1
311 -395 -831 -115 1
-20 -937 673 111 0
994 -901 -925 -237 1
-54 -451 -324 930 1
-515 -743 -743 414 1
-805 -916 991 -583 1
-945 -545 -924 -707 1
-943 627 -1 -82 1
371 -241 -991 -674 1
629 -7 -997 -354 1
612 -317 673 657 0
-469 -682 -365 359 1
273 90 757 -606 0
279 249 -521 42 1
234 84 56 -269 0
-130 -247 431 -567 1
-182 -44 955 995 0
-116 -843 -409 256 1
228 -388 372 880 0
958 -874 692 -561 0
-687 405 -804 978 1
828 145 -375 652 0
824 64 -397 -625 0
-419 702 -981 -886 1
987 831 957 840 0
-631 876 -402 -647 1
69 -294 743 383 0
-767 344 222 281 1
-935 516 -149 -997 1
-607 322 362 758 0
-798 -188 283 550 1
188 755 772 -104 0
601 -290 -277 -572 1
-210 -169 105 -583 1
214 704 421 721 0
282 601 -418 -877 1
-244 505 -578 371 1
862 -557 -746 -831 1
292 205 -393 -301 1
29 -126 -623 -640 1
290 633 -18 570 0
168 -15 238 754 0
-221 -274 323 -367 1
517 -905 150 59 0
-315 -388 -399 636 1
-50 -789 670 -924 1
134 359 -558 50 1
-566 431 374 -390 1
-531 797 799 588 0
690 -196 306 217 0
-931 873 -94 315 1
310 804 -769 -895 1
-668 -27 663 -374 1
46 -819 847 956 0
979 -876 986 -276 0
26 -910 -470 88 1
299 -416 181 -542 0
-451 49 -415 -465 1
-252 124 -640 369 1
-919 618 952 -150 0
-682 938 426 476 0
-182 495 333 -227 0
-32 639 793 -753 0
433 650 421 -532 0
-887 -363 -298 -741 1
439 -987 859 259 0
-397 840 122 -31 0
-489 -139 -362 -760 1
576 386 866 -934 0
448 -770 -987 -663 1
-146 -663 -221 975 1
106 545 652 -157 0
322 -570 543 -439 0
723 -125 -982 -386 1
-614 166 171 -922 1
220 92 -366 -70 1
599 219 989 140 0
-781 -233 -851 863 1
18 -749 607 -245 0
606 -829 361 -164 0
233 68 90 -629 0
209 -983 -193 660 1
-958 -276 -819 -617 1
-935 873 -543 -331 1
122 -434 -406 495 1
19 -503 -275 -189 1
-236 111 -824 -644 1
829 526 -933 793 0
-799 -472 135 30 1
-173 701 -569 -203 1
-422 693 -937 -809 1
-311 -200 961 176 0
-920 -291 178 323 1
700 -12 -40 -453 0
-495 -235 338 -924 1
473 -142 528 -94 0
669 -991 84 327 0
309 671 -719 97 0
-744 567 438 -984 1
-568 541 -660 699 1
-200 616 563 936 0
-473 -254 -662 886 1
-558 85 924 663 0
182 274 248 518 0
464 420 -240 -848 0
-139 656 -260 -774 1
131 -107 820 -180 0
269 -590 -436 539 1
-285 920 672 -472 0
-770 -607 -462 876 1
945 290 -196 591 0
133 395 793 -249 0
399 -991 888 -501 0
719 347 569 464 0
227 542 -122 -550 0
453 383 -137 -409 0
981 270 -114 104 0
-317 608 -523 -224 1
658 954 76 -685 0
734 -46 -380 -337 0
726 234 638 764 0
991 482 202 -469 0
-354 799 -865 -573 1
461 -768 388 884 0
730 76 -51 -154 0
136 422 -109 -163 0
625 514 -40 293 0
938 857 423 -939 0
770 -461 -92 -892 0
-254 -140 363 135 0
108 -347 -394 774 1
787 -347 -296 -66 0
493 -648 977 165 0
251 748 -135 831 0
434 141 170 -671 0
-47 -887 -140 620 1
442 -385 -929 892 1
-393 -934 -722 328 1
988 38 157 467 0
-866 -324 293 -25 1
221 4 -343 5 1
-588 -976 -17 885 1
830 -539 -76 65 0
54 311 275 985 0
886 5 -548 838 0
297 -421 891 -961 0
388 590 -71 927 0
-265 -60 -110 97 1
-230 448 -909 -578 1
-699 957 -141 -187 1
-68 -87 255 -47 0
-464 -367 629 27 1
634 321 -108 -729 0
-692 -746 842 -31 1
362 -274 -134 329 0
574 921 247 330 0
178 -739 449 102 0
-696 834 -648 566 1
-905 -271 -614 522 1
758 -851 -845 -89 1
19 57 -251 190 1
-524 783 -767 880 1
-879 343 -655 732 1
598 16 -659 916 0
-159 899 32 592 0
446 -742 -255 590 1
560 289 0 -483 0
-3 4 222 -911 1
-719 -420 -37 82 1
-245 332 -990 387 1
141 -823 -569 451 1
-458 929 -412 -486 1
258 -800 742 -294 0
-870 831 281 126 1
-941 -697 -158 -993 1
-982 -926 714 -651 1
229 120 -490 -495 1
-459 -393 613 292 0
-292 520 748 935 0
-265 699 438 175 0
-78 -769 480 -898 1
403 -866 -319 656 1
284 866 462 103 0
-917 855 -110 -319 1
785 -234 824 -691 0
972 998 617 -715 0
-547 973 -524 -593 1
585 566 -324 904 0
-544 -33 238 -327 1
-749 307 870 321 0
-149 740 -697 -689 1
228 -877 -174 642 1
985 -968 -594 265 1
-950 -482 282 -481 1
391 -582 -129 -251 1
-559 -777 686 -319 1
228 -371 -984 -882 1
-765 25 -317 -490 1
747 -10 656 -760 0
-417 701 382 341 0
-849 827 789 560 0
295 -727 652 639 0
-694 -158 -617 -171 1
545 593 103 -699 0
449 888 -895 -937 1
-812 440 -62 205 1
-222 -825 426 912 0
-985 -175 -264 346 1
663 835 687 34 0
376 552 -854 262 1
678 473 -311 520 0
-967 694 -286 162 1
-285 615 450 905 0
-439 -50 -199 683 1
-175 225 951 -600 0
206 850 -15 933 0
0 -647 715 -761 0
-607 321 552 -407 1
474 -596 498 688 0
-816 -888 -719 -154 1
466 -282 -6 -838 0
74 -777 490 -549 1
837 20 -125 727 0
-693 182 664 470 0
473 -456 -519 271 1
-389 289 -301 45 1
809 -594 -673 -387 1
-30 621 885 57 0
-901 -834 -227 826 1
228 -157 969 -117 0
723 634 962 -712 0
-472 174 -19 -847 1
-818 -634 808 -793 1
228 -479 -338 420 1
-420 -352 488 -516 1
-278 -108 -36 156 1
-291 -58 -550 -223 1
952 374 -891 -769 0
-807 158 -796 367 1
-634 989 -513 -20 1
693 -837 -742 -279 1
139 508 641 -985 0
455 13 -955 567 1
-185 839 884 649 0
801 221 628 -925 0
877 -491 423 -664 0
651 -178 500 281 0
-796 449 322 50 1
410 -896 861 22 0
221 771 -883 532 1
-345 -687 -24 -468 1
875 912 235 -949 0
609 532 -108 13 0
-316 -849 -500 934 1
258 391 -860 -465 1
-357 -141 929 329 0
205 -192 861 -322 0
-526 -698 535 -230 1
-991 -28 -238 109 1
-934 355 -715 469 1
-912 773 103 790 1
-227 953 -87 -339 0
358 -482 739 -782 0
-957 -126 -373 543 1
475 -160 -564 710 0
34 -478 491 455 0
-826 -743 106 -748 1
968 978 -147 27 0
167 -565 -312 401 1
947 179 620 -567 0
-309 899 1 723 0
774 -615 793 -586 0
767 720 -467 217 0
-417 -404 -468 907 1
378 -101 -70 699 0
388 -423 -185 -842 1
897 -223 793 -728 0
-642 -197 -148 814 1
615 357 -458 909 0
143 688 -890 662 1
475 10 568 -600 0
284 735 289 -732 0
-161 -539 -310 220 1
-31 -919 -752 499 1
-298 280 205 982 0
807 680 -135 363 0
-61 -134 547 544 0
-573 -750 -96 -49 1
943 -285 518 -571 0
641 -887 -562 -14 1
-289 -584 -542 -352 1
-818 177 593 409 0
-270 978 -859 -479 1
-574 -859 -55 -785 1
-493 -319 -939 -453 1
-800 553 614 921 0
-606 -401 -490 -929 1
-702 569 -459 -467 1
715 841 59 -606 0
231 803 -969 -646 1
869 509 -779 -218 0
114 -855 -786 -28 1
-610 914 333 5 0
618 -848 -531 70 1
118 742 697 -919 0
-634 990 10 358 0
-727 713 -187 -696 1
-322 385 167 -672 1
-477 -327 -280 -795 1
-830 456 615 631 0
-943 -320 -623 935 1
-984 -357 726 -958 1
429 -606 819 -73 0
53 -939 -683 175 1
507 586 448 41 0
-179 787 253 23 0
-552 -493 12 480 1
-293 -879 350 91 1
-913 -858 275 -784 1
-882 -65 61 678 1
700 -208 -621 151 0
-751 -347 -473 -233 1
186 9 670 -317 0
996 476 -484 -541 0
-514 15 -967 805 1
292 179 -120 -636 0
-933 -917 221 -810 1
-265 96 -645 -328 1
598 -803 955 513 0
675 693 66 417 0
813 -818 -271 -844 1
-743 433 477 508 0
86 -787 394 -956 1
341 452 -977 -717 1
858 -614 -307 631 0
-233 -989 -787 580 1
-25 937 -137 196 0
659 623 -368 -953 0
206 718 237 -360 0
-489 -41 507 38 1
-653 -614 -491 671 1
403 944 322 -836 0
716 411 -753 44 0
739 103 -487 -886 0
106 564 760 -873 0
30 562 -734 398 1
-250 -85 499 -918 1
-628 -758 -328 721 1
551 508 306 -667 0
619 -841 620 -306 0
-229 690 -388 -977 1
911 854 372 281 0
-459 402 -14 749 0
-637 -467 -540 107 1
642 848 850 198 0
-850 -683 -205 491 1
391 232 682 -133 0
411 948 -710 942 0
839 -762 -183 575 0
555 350 -725 -274 1
414 -508 141 -530 0
646 973 677 424 0
-306 19 -901 -347 1
383 -570 -366 630 1
-901 -784 -132 506 1
-939 -244 280 727 1
-953 428 879 761 0
393 438 -307 463 0
-131 -411 -473 568 1
-53 -194 -123 305 1
-37 473 -377 599 0
822 838 -631 -335 0
-973 -720 185 600 1
389 195 318 -466 0
-126 -552 -657 471 1
-66 -397 42 -118 1
-872 -314 652 218 1
726 -833 -998 -464 1
-215 -88 380 598 0
-720 108 -391 -558 1
-774 311 176 480 1
-266 -815 654 720 0
-553 464 785 407 0
-377 -98 -584 341 1
-124 -952 -588 133 1
-419 -230 416 936 0
-718 -819 -514 487 1
-708 414 115 -731 1
521 -753 580 594 0
393 -342 -602 -187 1
317 769 412 934 0
-158 422 914 797 0
-820 -317 -443 457 1
-823 -72 837 -100 1
-344 635 66 262 0
-151 -264 -850 -298 1
720 -268 -380 -989 1
-366 -348 -88 678 1
-511 425 -832 -720 1
494 727 -459 -679 0
426 -166 -456 125 1
-207 -695 -306 624 1
102 753 -750 366 1
-831 444 -370 889 1
-479 488 947 -832 0
879 792 721 11 0
-948 -36 511 -235 1
620 -90 14 -625 0
220 926 871 771 0
-367 -9 -57 874 1
357 220 490 -320 0
463 -369 -480 477 1
597 -949 916 500 0
840 -787 417 27 0
-712 283 498 -660 1
-842 -617 393 600 1
-948 975 -252 877 1
682 -681 -331 -968 1
888 110 226 501 0
593 -910 969 705 0
152 -275 953 -932 0
869 483 386 54 0
909 377 -369 559 0
-433 354 -393 -529 1
-741 900 888 960 0
-458 -921 -287 962 1
-676 -2 -336 716 1
-29 843 619 303 0
82 151 646 56 0
68 -10 244 -27 0
829 442 -532 -326 0
388 -596 383 648 0
-768 170 -963 70 1
791 -719 -489 222 1
-602 534 -756 -534 1
-576 616 -11 940 0
-384 748 -643 -762 1
374 -440 218 595 0
-821 -603 -639 867 1
418 321 -421 -55 0
-894 396 -311 -757 1
225 -949 -358 -187 1
936 198 692 881 0
-962 -397 -60 -241 1
-973 -54 -530 -920 1
-128 965 -405 752 0
160 -431 -700 -674 1
811 -745 154 523 0
269 213 218 -324 0
-78 211 782 -895 0
348 -888 882 27 0
-669 -751 86 -946 1
-329 832 810 -792 0
-251 583 948 -233 0
256 -506 -390 -763 1
192 380 283 -991 0
-75 258 -409 969 1
-153 209 846 -902 0
-179 725 237 276 0
-443 438 -41 -197 1
-530 -662 -737 -203 1
504 692 778 -395 0
-71 -876 -918 -814 1
-221 -798 482 739 0
318 -707 -683 97 1
-964 238 178 -336 1
-744 -659 120 613 1
415 -398 -535 581 1
-153 -663 -737 -584 1
186 -244 12 795 0
-187 561 569 229 0
-782 -715 304 -708 1
-370 367 322 -885 1
-983 -788 -731 528 1
65 568 -380 372 0
124 -175 -418 388 1
-630 38 226 -891 1
-63 67 785 933 0
666 362 -509 475 0
692 -847 -484 985 0
-664 573 -352 -351 1
-252 699 536 870 0
558 -723 925 14 0
-496 213 619 -24 0
-501 -81 -694 320 1
920 855 98 720 0
-80 797 323 84 0
864 274 95 645 0
470 -795 -282 -647 1
757 868 -841 407 0
729 138 329 -48 0
-933 422 -886 384 1
-730 591 -608 480 1
585 54 -136 116 0
42 -627 -986 760 1
-877 -603 -725 114 1
444 124 -587 -755 1
-688 296 -58 -962 1
-896 762 315 -734 1
-307 -762 334 885 1
15 721 834 -419 0
-21 -176 -107 -848 1
389 -119 883 886 0
496 480 994 816 0
926 72 -497 694 0
818 106 611 -962 0
-688 -349 713 -902 1
781 170 361 -898 0
703 818 533 -42 0
284 772 -330 579 0
119 -902 -425 977 1
771 -667 928 -225 0
247 484 231 364 0
-286 -825 646 -906 1
-3 -349 147 -769 1
108 191 243 -814 0
542 378 789 712 0
-773 870 -199 -985 1
45 -248 570 251 0
-2 -603 687 -778 0
536 6 -375 -191 0
572 -820 732 -1 0
-944 -299 -508 -528 1
-683 -513 807 969 0
-117 -723 910 635 0
42 -212 313 -738 1
157 -323 -458 966 1
733 -597 931 484 0
760 -432 231 -97 0
449 280 253 -840 0
-338 -779 -41 -260 1
-751 -247 -801 126 1
-758 587 735 422 0
546 -514 -470 181 1
-393 723 703 771 0
-723 -171 -779 -443 1
359 724 -670 -585 1
-947 -237 -113 769 1
-130 483 -348 -479 1
897 132 401 600 0
-253 388 419 -21 0
615 472 643 -231 0
-983 -439 219 -144 1
-124 575 656 -737 0
108 -721 -958 217 1
-361 -794 895 410 0
829 -965 225 -699 0
-920 271 941 213 0
-822 -455 -91 569 1
61 794 281 -36 0
-251 322 -224 -137 1
124 -500 33 551 0
-485 -259 88 564 1
901 241 568 204 0
-433 -312 -966 643 1
256 -404 186 -840 1
-241 574 384 454 0
-592 -386 -674 -496 1
-866 592 -615 -650 1
-625 477 -715 284 1
-684 72 -484 851 1
-296 -183 -591 687 1
96 596 759 87 0
493 -792 -384 70 1
-103 763 -467 -692 1
877 -531 578 97 0
496 981 -61 590 0
-477 60 471 711 0
-453 264 -110 -883 1
-470 -910 -10 -133 1
659 -925 -738 -144 1
-290 126 473 -906 1
-987 316 375 121 1
587 433 441 265 0
194 507 792 -40 0
580 -698 -440 -7 1
-51 -541 301 -216 1
-955 329 -115 -490 1
189 172 -300 77 0
800 -753 613 269 0
960 -421 -567 305 0
-201 -586 -283 101 1
278 -997 778 -468 0
641 -457 280 876 0
598 -443 496 288 0
-757 196 43 417 1
-759 535 489 192 0
-144 910 -952 -431 1
594 -269 931 -159 0
-946 -122 -866 -414 1
-462 -255 118 803 1
-653 299 -59 99 1
935 421 -323 -953 0
-357 -306 -990 891 1
189 -397 -325 537 1
-433 896 751 387 0
-478 998 593 360 0
807 560 626 340 0
-194 214 475 324 0
-44 312 334 -156 0
626 -771 896 641 0
980 -80 -661 -684 0
-338 -22 -927 950 1
318 -488 82 -326 0
485 744 -410 556 0
-283 -363 634 640 0
163 -133 870 902 0
1 -867 51 44 1
-522 734 -248 -208 1
838 -447 643 170 0
-841 151 -186 -520 1
-718 -123 -681 -235 1
200 -11 901 227 0
-399 119 379 873 0
-478 -958 977 74 1
-653 -736 -882 -419 1
532 -909 -70 -494 1
-101 915 -997 785 1
-95 -133 -41 -726 1
992 64 -694 912 0
-482 510 -389 147 1
-867 -171 372 -643 1
-420 703 -951 -26 1
-306 395 -857 617 1
891 -604 -851 -102 1
-2 379 -528 335 1
120 307 -374 115 1
861 387 583 -600 0
-153 473 -390 745 1
220 -192 -10 -90 0
789 16 925 604 0
289 132 -808 -391 1
435 -5 390 320 0
637 317 -137 -549 0
-860 -613 -371 884 1
501 -680 -784 6 1
876 -657 -262 -777 1
853 -455 -278 298 0
-725 636 158 324 1
446 979 -36 595 0
349 -30 229 -157 0
-346 -166 -151 -79 1
781 305 -829 -472 1
811 -142 228 921 0
-579 -428 832 -343 1
-582 -661 -986 -767 1
10 -201 -62 205 1
996 135 922 791 0
820 951 211 16 0
787 -516 -719 -364 1
710 525 -163 761 0
-970 522 -806 721 1
-347 -908 -327 -785 1
-535 -599 -740 -482 1
25 -802 329 -260 1
-891 516 271 193 1
-374 -640 409 -358 1
-364 803 -462 -557 1
989 -29 720 -955 0
316 -509 299 581 0
-398 486 349 -87 0
-635 -578 311 -926 1
293 -682 143 -941 1
664 -52 -863 -724 1
430 22 119 799 0
570 59 -706 138 1
-457 146 -472 -425 1
-915 813 -973 -880 1
-111 340 282 895 0
378 78 -702 -465 1
912 975 -304 -441 0
-541 -882 -599 -205 1
-722 555 774 880 0
691 352 -954 145 0
-632 389 856 -374 0
-228 -636 -17 634 1
631 346 916 416 0
-822 -821 30 187 1
-315 545 -800 -28 1
370 -144 139 450 0
151 -339 -299 -241 1
140 -766 871 -712 0
-131 -96 883 694 0
-145 479 414 410 0
466 729 -652 -42 0
-265 477 71 801 0
-427 -441 784 -831 1
-966 -551 81 -323 1
118 844 972 465 0
798 100 479 -279 0
383 -566 -504 -654 1
293 527 -494 -903 1
50 -281 92 905 0
667 -787 -790 -965 1
-899 197 -922 31 1
629 304 194 -608 0
-929 155 443 455 1
617 977 -196 195 0
456 325 972 -509 0
-822 -830 -783 -481 1
164 -949 -778 649 1
-254 873 -982 -749 1
-703 596 205 774 0
267 -367 241 -656 0
-893 -973 248 204 1
447 808 -167 333 0
844 -284 309 790 0
-28 -986 -240 40 1
695 -801 -723 -570 1
-60 -698 -623 586 1
-152 205 405 616 0
-385 -499 212 -283 1
347 -770 582 759 0
-905 358 25 816 1
-802 278 -137 436 1
-848 665 -311 561 1
-260 6 -860 -423 1
853 -781 663 460 0
-364 -653 348 -742 1
-287 -359 -731 638 1
-816 805 375 321 0
-946 -485 954 445 1
-79 -232 -49 -982 1
-715 355 395 356 1
-362 90 -789 733 1
595 -259 297 106 0
-397 -789 -381 -162 1
-169 -499 -543 875 1
77 551 768 762 0
904 568 588 -934 0
626 364 911 -224 0
477 917 520 699 0
-314 -773 245 -532 1
-771 974 53 -459 1
290 973 986 -306 0
-774 193 -361 322 1
29 250 29 -680 1
293 -368 254 208 0
3 -936 669 -899 1
290 974 -616 -131 0
458 -807 -113 -109 1
55 -601 445 762 0
-653 -885 376 -768 1
592 -441 623 813 0
-531 559 -816 472 1
-548 323 633 301 0
629 18 -847 437 1
-289 453 -755 -761 1
-928 904 -974 279 1
754 185 -457 299 0
771 123 822 -33 0
666 -515 407 -333 0
398 -454 -652 -854 1
471 477 352 360 0
-712 488 984 -970 0
-672 -623 997 -720 1
39 485 -898 3 1
-709 -619 -457 -616 1
20 53 -847 864 1
596 287 -318 883 0
81 743 325 -916 0
233 112 64 -786 0
-147 -172 -771 830 1
-786 567 165 343 1
117 -40 -918 -166 1
286 -900 871 467 0
-904 -310 720 826 1
564 -275 -279 428 0
621 89 797 -455 0
-702 204 -360 -802 1
606 -436 693 879 0
-39 -456 -44 -469 1
236 522 534 340 0
964 -517 -451 -38 0
87 967 -878 497 1
-50 -443 86 -48 1
-580 -431 -394 387 1
-324 382 947 -306 0
939 368 462 193 0
-622 -230 -464 -338 1
376 953 -397 46 0
-367 270 -834 969 1
-657 33 900 649 0
624 40 -411 831 0
-262 300 832 -880 0
-618 -141 -409 308 1
-80 -561 -847 -515 1
782 249 104 35 0
-87 302 -948 -637 1
356 918 591 -234 0
-809 799 -351 87 1
319 306 561 -264 0
-486 59 -482 488 1
-32 439 -90 735 0
-956 523 -539 -816 1
119 10 881 534 0
184 -796 -885 -377 1
593 353 -871 -834 1
844 -838 797 952 0
813 -265 -865 -403 1
948 241 632 -836 0
-631 -9 -821 933 1
490 860 -21 746 0
680 942 -130 -87 0
-298 307 -585 -371 1
-641 836 -909 -833 1
449 -575 204 909 0
-120 125 868 -483 0
587 -849 518 364 0
351 -789 12 427 0
-716 225 -671 49 1
-949 131 -487 -341 1
-969 -242 386 932 1
33 128 941 -661 0
90 -844 445 321 0
-817 411 -825 626 1
-599 -357 710 62 1
125 -197 -154 287 1
431 -977 -268 -940 1
-320 250 -760 -972 1
548 -732 845 688 0
-184 -671 953 727 0
292 -837 981 831 0
-842 806 -957 -462 1
-552 -203 -245 99 1
457 -849 664 438 0
-829 607 980 910 0
97 842 -529 -129 0
-200 -305 -109 349 1
558 -887 742 -796 0
-795 -11 965 175 0
-891 -331 981 627 0
-29 239 532 312 0
336 -873 -492 -810 1
-656 830 736 -493 0
-194 954 687 741 0
-278 -427 58 750 1
201 -767 -532 -698 1
551 943 -280 771 0
5 50 -903 -413 1
608 981 623 -888 0
925 105 -609 -768 0
-671 136 -154 189 1
999 -86 810 -873 0
-537 -956 566 -289 1
-373 602 -949 -574 1
343 -297 961 493 0
506 133 -825 -386 1
-576 294 441 275 0
-15 -390 -684 -76 1
-478 -433 -376 -596 1
497 -976 -644 712 1
507 -424 -165 219 0
257 -535 -473 -720 1
233 -322 391 737 0
-919 -288 116 792 1
202 840 788 771 0
376 -677 -275 219 1
234 -681 265 766 0
795 546 -234 393 0
719 411 -613 778 0
383 -914 -773 236 1
588 496 142 284 0
-298 -908 -914 831 1
-168 -137 -775 -396 1
-92 103 -200 134 1
11 -234 -885 51 1
789 -924 359 -96 0
136 -486 466 -680 0
497 844 -1 809 0
-508 -519 -907 -414 1
-648 919 547 -104 0
500 994 -729 957 0
-232 754 964 540 0
109 -558 775 -535 0
101 680 807 846 0
-301 186 999 519 0
503 381 334 548 0
-946 -421 276 301 1
799 -186 -275 -437 0
-122 -820 501 308 0
56 823 -603 -440 1
783 241 122 227 0
737 -558 -225 -988 1
-267 -970 -292 -551 1
411 -30 -881 894 1
396 560 -543 945 0
913 -754 -551 52 1
530 -373 57 939 0
737 657 475 -715 0
24 -236 494 -368 0
713 -299 -35 678 0
375 6 784 -848 0
357 -48 291 -822 0
-470 903 645 7 0
-196 914 613 109 0
-444 24 -579 553 1
-367 -899 -294 -53 1
386 -240 -56 496 0
-700 -896 881 -708 1
765 -736 -215 -879 1
-227 -664 -62 -831 1
736 -635 -790 134 1
909 78 -878 668 0
-864 -356 -147 451 1
761 508 -874 742 0
-250 955 859 944 0
-131 -968 -80 216 1
-759 -239 -683 899 1
-1000 -720 -238 -388 1
-724 200 -252 438 1
-117 13 105 -947 1
288 -523 235 -260 0
-295 855 -332 -736 1
382 960 677 44 0
636 979 120 -1 0
239 510 886 -848 0
256 -985 885 -4 0
-3 -370 -250 -899 1
-961 193 715 888 0
-22 546 572 123 0
-328 -540 -659 -758 1
4 220 642 -536 0
811 -941 89 460 0
607 -566 -429 -960 1
217 -119 87 -329 0
346 -622 -179 -833 1
-624 -873 940 -219 1
-415 -680 -614 -439 1
179 27 -737 -526 1
-332 626 395 -137 0
-149 -277 762 -502 0
295 229 104 -408 0
-651 -816 44 -339 1
541 433 -97 81 0
-34 670 -374 -286 1
652 6 -76 420 0
-894 575 826 505 0
-188 -241 544 -13 0
638 813 576 474 0
237 -202 7 -769 1
-471 -259 -143 -499 1
-975 -27 -389 -707 1
622 182 -31 -269 0
454 -467 102 -402 0
493 361 -593 -577 1
-394 231 112 -876 1
-990 -705 -446 -854 1
656 846 -580 519 0
-285 137 182 14 1
34 -713 125 381 1
-850 368 -84 -159 1
-761 449 251 98 1
-390 772 836 -25 0
-20 -99 890 765 0
74 340 -722 7 1
788 786 -811 112 0
-679 -133 -740 935 1
907 376 -33 378 0
231 -94 673 -787 0
344 748 286 -504 0
-764 789 -887 -209 1
484 -884 -830 372 1
-410 485 531 -119 0
-370 -765 246 -685 1
-721 -759 776 -533 1
-464 -914 -400 771 1
-750 -958 -652 344 1
629 773 133 -61 0
-544 740 457 -934 0
-972 -564 992 -242 1
-543 491 -591 -303 1
877 -343 188 971 0
-737 417 -521 -619 1
-473 -540 -89 906 1
36 937 -384 197 0
585 70 484 935 0
-511 793 529 -27 0
-49 22 8 -113 1
-229 29 -494 208 1
864 -426 461 -639 0
58 721 -334 778 0
-939 -128 770 -257 1
-648 891 -402 488 1
489 -656 203 97 0
590 541 -253 -681 0
-897 135 -134 -85 1
352 -82 766 96 0
621 414 634 -760 0
-337 130 427 -172 0
-614 -802 -321 318 1
-961 -682 452 -416 1
664 622 -858 -255 0
22 -51 431 943 0
-247 -725 -589 529 1
695 159 506 -496 0
-631 -854 -132 896 1
-92 -909 -965 -293 1
492 -235 800 31 0
805 -463 744 614 0
-794 -827 -727 -455 1
-424 244 -836 944 1
-715 159 -73 -203 1
897 -387 480 -395 0
375 528 708 -139 0
202 -722 647 -617 0
-977 -739 46 988 1
-390 208 -846 -491 1
-107 719 -868 -888 1
-905 -531 -923 -934 1
-348 -437 577 -293 1
-612 490 938 -676 0
653 -39 -671 -246 1
234 -531 681 -633 0
862 259 683 927 0
-966 601 611 -808 1
-795 -355 -715 -892 1
420 358 -265 -935 0
-770 -812 -238 -290 1
849 569 -488 706 0
-702 624 201 670 0
460 170 -819 780 0
-982 -601 891 -480 1
804 -207 -9 544 0
-995 229 880 -882 1
508 -421 841 -286 0
817 -924 904 819 0
-603 -570 -403 -209 1
-623 -288 -347 717 1
-836 519 -40 957 1
808 584 -583 -785 0
77 921 -218 -82 0
831 295 863 330 0
-251 105 511 -7 0
391 -464 -904 200 1
229 -482 809 65 0
75 -870 -569 -76 1
109 972 680 -632 0
-654 -86 14 -952 1
-288 -358 381 -51 1
-889 355 16 445 1
-41 229 -408 -729 1
35 750 -121 -546 0
513 883 791 10 0
-192 -21 990 -424 0
-530 164 -512 -252 1
-701 -363 906 -24 1
-77 -81 524 -281 0
450 683 59 723 0
-221 838 652 -14 0
-308 613 -296 28 1
859 -125 -39 728 0
424 198 321 -140 0
-920 -981 701 -138 1
133 577 816 165 0
379 651 798 -425 0
-413 -206 11 233 1
197 17 686 953 0
265 -94 620 -459 0
-439 251 174 534 0
387 145 891 -381 0
124 -766 -322 149 1
-682 -108 -863 -256 1
197 -766 -922 277 1
33 -714 -472 286 1
818 -471 -279 557 0
-929 421 802 -12 0
27 -971 -536 -756 1
-31 974 337 -235 0
877 -402 -274 -470 0
-672 778 993 -295 0
-641 -724 -659 -795 1
430 759 779 649 0
972 -56 897 676 0
-184 339 868 -34 0
-76 -420 -826 281 1
321 801 -269 579 0
762 572 -854 554 0
-862 462 -904 -880 1
-470 772 -951 829 1
233 208 -191 -84 0
-959 503 -624 78 1
715 416 631 -338 0
76 416 249 -45 0
-925 -963 -826 -677 1
948 814 -222 224 0
58 -583 -240 687 1
676 302 494 332 0
-187 -378 76 532 1
594 -12 753 163 0
254 -323 -140 -207 1
370 5 3 -761 0
633 -521 -68 543 0
-427 -421 283 -822 1
556 31 -791 -565 1
-453 -66 -440 8 1
-558 216 239 761 0
-509 -249 -534 532 1
287 618 304 -91 0
267 -372 46 -673 1
685 580 107 135 0
-137 -423 432 -178 1
102 442 -715 35 1
563 -587 -394 -901 1
-197 579 956 102 0
-212 -826 837 74 0
766 884 -341 716 0
-282 -883 195 905 1
-631 578 303 -28 1
904 -403 171 572 0
-708 989 -636 348 1
-417 -76 508 -892 1
-845 -424 -942 712 1
-775 899 798 987 0
-823 -544 999 -524 1
-481 -160 -891 -95 1
-699 501 673 226 0
-912 -658 309 215 1
795 772 623 -36 0
-973 -454 -41 -125 1
886 -525 -101 -329 0
-752 -755 75 218 1
-470 181 -254 -296 1
-634 -605 -977 241 1
-756 -171 -361 -116 1
864 213 -724 -377 0
-204 -683 857 -522 0
430 -536 903 -76 0
-737 -381 989 -387 1
-130 228 -478 -865 1
883 944 -642 758 0
-646 699 167 -627 1
233 -960 -691 306 1
849 945 208 120 0
-576 90 185 825 1
900 254 -853 -388 0
-30 -123 42 -79 1
-108 512 -685 581 1
704 309 -766 678 0
577 -613 -17 -849 1
365 488 684 209 0
-748 531 882 -592 0
-141 880 808 915 0
139 203 -641 560 1
-187 -519 -609 -870 1
-237 49 508 544 0
-875 971 84 -894 1
75 356 956 950 0
-772 916 -795 -307 1
-235 -760 -969 -311 1
-76 718 540 116 0
912 318 1 -762 0
-572 -659 -922 -810 1
804 -936 -659 -963 1
499 509 -580 474 0
115 646 252 -989 0
-492 235 -427 128 1
-623 869 -117 -381 1
543 292 644 899 0
-731 -371 -195 -708 1
997 -213 250 333 0
164 483 -879 810 1
-284 -479 670 343 0
-972 -277 -634 751 1
586 -205 334 -262 0
191 171 -632 537 1
-1000 302 595 -355 1
730 677 316 963 0
499 738 -554 543 0
367 -538 -979 -248 1
84 707 -401 -437 1
-104 -714 -121 -795 1
-219 997 -477 -561 1
955 -988 175 -533 0
-491 -929 -575 276 1
620 707 -930 80 0
419 -809 99 -281 1
349 -887 91 -539 1
-512 -843 -61 523 1
712 -765 -716 80 1
563 -135 701 -553 0
20 -294 484 -763 0
398 257 -886 215 1
-533 929 875 -824 0
-627 -470 842 -225 1
-473 -82 -227 -583 1
806 -30 -38 -201 0
759 628 320 -922 0
-318 -496 20 510 1
-997 -922 901 55 1
684 332 -913 -658 1
828 -736 -587 302 1
-675 -581 -833 884 1
-950 -904 -699 512 1
-529 -547 106 504 1
-10 -189 445 152 0
-492 356 -154 -338 1
-206 -441 -157 652 1
828 -971 273 -867 0
357 524 72 712 0
-429 673 99 -69 0
730 160 -513 -230 0
303 -75 134 -753 0
206 462 -745 674 1
979 214 165 -115 0
169 958 -658 422 0
405 -643 529 -646 0
-948 -894 774 -322 1
-654 64 58 162 1
292 818 921 569 0
-83 900 398 -683 0
-246 -555 290 799 1
-342 -455 349 253 1
614 864 709 -709 0
-771 -399 759 -839 1
687 11 79 -48 0
-775 -978 -86 -322 1
-506 -913 -825 670 1
-248 -296 -174 -750 1
-469 -814 -309 398 1
-375 145 476 -248 0
-927 347 906 20 0
-344 513 645 -558 0
-249 896 401 160 0
-275 -220 -713 957 1
-748 751 -760 -475 1
-457 -60 118 -196 1
-190 -535 -953 -786 1
997 -927 -124 -629 0
-448 120 592 876 0
-716 -796 672 288 1
29 -155 424 -964 0
-984 290 -199 -581 1
282 60 405 -339 0
-558 95 620 608 0
-456 771 -806 -937 1
837 773 783 -6 0
-803 593 -757 381 1
38 -200 135 -795 1
-229 -259 -511 -337 1
488 -942 824 -995 0
695 -723 -320 -618 1
806 340 793 -363 0
494 -742 3 713 0
211 100 -780 448 1
-282 700 -444 282 1
224 278 -94 111 0
-13 -257 -245 743 1
503 -298 823 604 0
-583 -976 -741 -423 1
32 -302 921 -908 0
197 -768 -624 19 1
546 -449 990 233 0
-695 991 52 872 0
-55 936 -773 299 1
204 -989 -556 914 1
131 -114 458 651 0
700 38 -18 -584 0
405 -19 -177 -208 0
978 311 545 -9 0
-189 321 8 -533 1
-574 903 157 460 0
700 954 453 944 0
-8 -300 369 570 0
96 -475 -900 732 1
-2 464 -884 384 1
-478 195 -859 140 1
380 13 -489 -579 1
35 -207 927 68 0
-147 506 -343 881 0
-155 568 -53 -632 1
766 -134 -791 -289 1
-840 -316 -908 -770 1
-537 -63 -508 -714 1
-873 -451 -818 -463 1
195 -406 -732 -120 1
410 -844 149 464 0
-617 844 -882 -607 1
108 818 219 488 0
195 244 94 950 0
684 -754 701 -607 0
-656 -624 850 533 0
437 -64 51 441 0
198 780 669 -549 0
-63 -725 -14 945 1
994 408 736 509 0
777 -427 143 163 0
-226 848 700 912 0
-989 826 759 -36 0
575 -982 -176 282 1
654 931 380 -50 0
-653 -471 -512 -319 1
505 -738 -590 677 1
-629 -152 765 -350 1
523 317 994 387 0
-418 707 727 861 0
468 106 55 721 0
-656 -928 -845 -909 1
70 55 732 377 0
517 886 1 665 0
216 755 545 -758 0
204 -233 -513 199 1
-483 -947 -888 125 1
446 494 -752 670 0
443 -147 -303 549 0
934 -317 801 -100 0
290 392 956 -619 0
-696 413 433 -466 1
-791 -159 -100 -748 1
-87 593 -100 -530 1
-297 -318 -218 427 1
47 -942 -243 544 1
647 -799 -801 -93 1
125 -778 -696 -99 1
387 -317 555 -936 0
-47 -194 -823 410 1
80 -536 247 -922 1
26 -727 -245 726 1
789 779 -419 -424 0
-782 285 943 567 0
975 483 189 686 0
850 127 78 -910 0
-333 -334 22 518 1
841 -977 -766 -650 1
-794 -576 459 525 1
75 -869 716 -730 0
364 322 -879 -1 1
-489 -274 -260 642 1
102 693 693 -501 0
-297 184 -966 -306 1
-190 -871 633 953 0
929 924 858 -632 0
-986 -981 825 -171 1
3 -4 -549 171 1
620 -272 -416 479 0
-523 408 576 143 0
565 -218 -806 325 1
-335 857 26 630 0
-8 868 608 -332 0
-353 -866 -301 831 1
418 871 570 -714 0
266 304 5 34 0
750 390 897 -806 0
-501 224 -436 -909 1
120 -892 -843 178 1
-577 -477 140 578 1
-561 498 -753 -607 1
-413 -309 -974 311 1
-676 -976 420 -405 1
21 -1 409 -669 0
351 441 676 -500 0
-10 494 892 -500 0
982 -860 270 409 0
-654 953 324 -829 1
905 868 706 -298 0
-369 278 40 -573 1
-30 850 180 -227 0
-81 906 -362 402 0
465 314 55 -252 0
313 871 -755 496 0
-958 798 -390 -624 1
611 345 -39 508 0
214 -483 320 643 0
778 901 706 -173 0
-440 -249 588 592 0
-440 152 -838 646 1
-242 661 592 -227 0
713 -397 -36 -398 0
143 -705 -194 728 1
276 917 -215 729 0
-597 -229 -477 -971 1
944 -169 -415 -870 0
391 -177 -602 -857 1
-835 68 -923 -940 1
-505 -780 -844 -414 1
569 936 37 51 0
-614 861 -346 -10 1
-206 -600 -294 -994 1
-814 -869 -920 -205 1
-649 -993 -58 -372 1
-669 285 347 -723 1
345 -15 -470 836 0
837 66 -690 -639 1
-32 374 232 -582 0
870 -988 711 401 0
860 856 -523 27 0
-537 -455 633 -261 1
102 -675 -261 -960 1
-535 142 279 993 0
324 719 957 917 0
976 -531 -9 -515 0
988 899 709 688 0
-196 -204 -601 885 1
563 333 -486 -209 0
-688 36 -898 -910 1
-847 230 767 620 0
-610 418 562 -295 0
543 -212 389 963 0
-259 -251 902 -210 0
-458 817 -56 -620 1
243 120 -296 -163 1
-443 623 -924 738 1
24 798 46 304 0
338 283 -926 -872 1
986 285 487 940 0
398 -238 903 590 0
-157 308 993 357 0
217 -829 -343 -624 1
-475 -864 -442 -646 1
260 -294 542 -371 0
676 -784 134 9 0
441 91 604 720 0
52 354 -348 -387 1
72 -380 -507 -810 1
-942 -161 -874 819 1
-269 172 761 -593 0
-351 -349 -635 797 1
792 -3 595 600 0
-827 -680 460 -692 1
-924 148 771 546 0
-100 351 878 -765 0
238 718 -17 -55 0
-99 961 504 -420 0
984 -112 -768 605 0
705 600 435 178 0
-479 749 -926 642 1
-116 195 -754 -117 1
-328 178 -841 -362 1
-802 -929 -603 389 1
329 411 -903 119 1
854 455 503 613 0
-171 408 654 957 0
-277 -64 612 346 0
-154 943 390 -888 0
794 535 -358 -806 0
-821 253 459 828 0
-546 -116 -963 -193 1
519 854 -510 758 0
991 914 55 642 0
658 -53 318 -769 0
540 -486 -313 -384 1
-736 -932 895 -289 1
-849 471 622 236 0
272 581 -193 -885 0
194 43 -341 684 0
-428 -759 -354 27 1
397 -751 745 -684 0
-615 -363 313 -324 1
3 47 904 233 0
-155 -78 707 -801 0
-525 291 -223 273 1
-360 -202 119 -421 1
445 200 -780 470 1
-993 642 545 -744 1
-392 692 797 18 0
-797 98 697 -947 1
-909 998 188 -639 1
-161 43 299 160 0
-151 -803 883 -797 1
-307 -133 127 -809 1
962 -166 877 -987 0
-223 -436 -789 246 1
47 -127 810 831 0
12 770 73 666 0
-905 -760 385 592 1
-775 61 -35 -958 1
987 190 -938 -26 0
-937 412 -567 -93 1
-165 990 -151 37 0
119 -151 -14 138 0
516 -671 -461 -503 1
-875 -887 -575 822 1
178 -139 -799 738 1
-624 5 935 -370 0
289 -335 607 -378 0
-404 -47 -164 -202 1
-204 -852 -977 347 1
-156 -689 -228 252 1
176 -835 -154 834 1
192 -304 72 755 0
-949 -260 -240 503 1
871 -114 818 -660 0
47 -933 -362 105 1
-534 103 -363 119 1
523 541 153 519 0
-150 -872 731 148 0
-563 -698 -977 928 1
-869 330 -819 -109 1
-33 -474 -45 501 1
-688 693 -867 -401 1
554 -251 -886 -540 1
-292 -187 -108 -455 1
-470 -995 -701 -715 1
464 -767 358 -902 0
-675 -433 -204 740 1
-273 -782 -237 -229 1
-519 -139 -282 141 1
484 -538 -104 563 0
-161 -160 -713 -942 1
-528 -109 140 946 1
-598 -492 -737 245 1
902 -403 -624 -121 0
-431 -831 -68 802 1
319 149 -181 459 0
145 -940 -886 -951 1
455 -194 -218 826 0
392 -373 -134 -357 1
-905 775 -844 -674 1
-350 -92 -983 352 1
-862 719 -119 793 1
608 -722 -537 663 1
369 546 334 862 0
-646 -939 482 354 1
920 857 10 496 0
494 734 849 -726 0
-813 -410 -729 995 1
743 469 318 -232 0
-885 -338 377 358 1
-664 -634 642 -916 1
-183 -125 605 -602 0
750 -229 -382 899 0
966 362 730 -599 0
645 491 -80 531 0
-881 -904 71 -477 1
-675 -791 -983 -370 1
244 -456 -566 -304 1
665 865 -686 3 0
-991 57 -187 611 1
-849 -444 -445 51 1
-719 320 96 423 1
-951 -169 -794 692 1
-729 -751 -658 -745 1
234 -501 273 708 0
-606 31 -959 -579 1
-69 -925 -388 751 1
-353 -770 -400 898 1
-525 -762 -625 -693 1
-76 -757 120 912 1
296 116 670 325 0
388 971 966 -843 0
612 269 173 -446 0
434 230 -455 -195 0
-275 154 41 -552 1
377 661 -248 905 0
455 -164 41 670 0
799 -881 169 -349 0
875 234 -766 679 0
426 337 447 179 0
-570 112 463 716 0
-46 741 -343 -183 1
-621 -837 986 -1000 1
977 -199 -701 810 0
233 -456 38 132 0
-786 52 743 -261 1
-910 -836 -238 407 1
-65 -199 420 415 0
757 -476 -448 -109 0
-288 164 201 849 0
-377 922 847 -334 0
469 598 363 730 0
-910 -567 414 193 1
-523 -100 780 -108 0
-754 344 -116 722 1
654 -234 281 975 0
134 728 429 -808 0
-989 952 -93 21 1
876 45 -989 -973 1
-696 168 931 385 0
-213 157 980 -993 0
-399 -966 -79 -793 1
-476 -468 645 836 0
407 -187 -84 -892 1
827 -604 606 209 0
82 -816 -89 -982 1
861 -603 -71 148 0
915 -579 751 -550 0
-926 8 -24 135 1
-570 -668 -212 719 1
-441 677 714 53 0
418 -223 564 -334 0
577 192 866 432 0
-240 -927 -402 91 1
-75 57 355 -179 0
-660 39 -949 -17 1
-38 -390 -610 -392 1
-477 446 360 -71 0
761 -839 793 833 0
823 -380 13 334 0
-30 -830 -119 868 1
505 287 -996 -885 1
327 -113 -379 801 0
-236 14 524 268 0
-605 -439 -182 -490 1
171 859 646 -981 0
363 -47 -143 -106 0
-38 591 -270 275 0
139 -873 566 9 0
347 179 147 341 0
270 -154 -465 3 1
551 665 160 664 0
-764 506 -457 766 1
525 751 424 -632 0
-350 -74 320 -478 1
747 -982 -928 271 1
-894 -161 948 890 0
269 899 -78 750 0
-998 111 484 929 1
-607 -700 914 -859 1
-367 -224 543 -375 1
326 172 -771 154 1
-45 379 283 -455 0
-679 411 -900 -451 1
963 -785 -621 353 0
675 543 -378 -877 0
-877 -790 -156 88 1
-54 756 -395 473 0
-647 -903 -430 -74 1
-615 520 743 -843 0
571 308 -1000 -155 1
837 140 793 236 0
-523 634 -386 -286 1
-310 274 308 -160 0
998 466 136 930 0
-885 -71 -480 938 1
-412 214 364 308 0
-157 -94 -953 -608 1
253 775 765 -619 0
279 340 -832 -525 1
203 276 -633 820 0
427 362 275 -628 0
-955 -757 -404 -180 1
-497 -70 358 -302 1
712 866 689 -62 0
715 -788 -25 390 0
206 -610 -445 -595 1
-241 -374 -953 -45 1
-451 317 -792 843 1
996 27 846 -561 0
247 382 999 -366 0
-404 82 -536 797 1
-510 -624 -798 968 1
-251 143 -600 327 1
-690 127 619 -233 1
958 780 219 10 0
414 -845 -733 165 1
909 819 897 254 0
942 -476 -664 -50 0
79 289 379 298 0
17 -300 -275 -320 1
815 -309 262 169 0
463 890 225 406 0
-406 88 262 916 0
374 -577 577 631 0
9 388 -976 530 1
392 832 -57 -358 0
-550 -475 -28 -505 1
-150 451 -957 942 1
-555 -432 -983 -314 1
420 -943 18 -874 1
160 -904 -249 -354 1
-700 -207 269 501 1
531 -213 315 -518 0
-393 294 776 -947 0
-104 185 139 206 0
720 611 -588 503 0
-353 -176 836 -660 0
889 714 456 980 0
409 117 -457 -535 1
367 -555 248 960 0
-869 132 -170 -336 1
522 -315 450 722 0
979 436 389 426 0
-487 552 -116 821 1
667 303 23 980 0
-533 174 -589 -885 1
648 -318 555 -286 0
308 -182 27 232 0
104 -377 381 485 0
483 747 307 -698 0
-123 108 625 -987 0
-181 117 -158 -690 1
-524 851 49 39 0
4 -808 663 115 0
151 690 402 -40 0
501 471 -149 299 0
-385 858 -827 184 1
693 986 852 -905 0
819 698 -26 -464 0
830 111 389 390 0
-833 -159 519 302 1
984 625 -181 -630 0
963 -962 257 39 0
-114 300 -329 -194 1
927 -479 545 518 0
-505 550 -980 -854 1
608 238 156 479 0
-879 -415 -634 -577 1
-803 175 -107 639 1
95 530 -543 -81 1
757 758 289 578 0
-461 168 -417 902 1
110 227 -190 931 0
229 969 -523 -329 0
623 -922 -671 971 1
-718 -420 398 -615 1
682 -822 422 -476 0
366 377 -470 -145 0
485 675 225 -863 0
-804 394 40 513 1
-592 -555 405 -330 1
871 294 -186 -460 0
-981 687 -676 -459 1
-356 -176 -560 251 1
-541 -874 920 -919 1
476 593 -536 -337 0
59 676 897 -676 0
-144 99 -808 -98 1
665 -960 390 896 0
-193 -426 176 -875 1
-235 -712 730 -421 1
585 -707 18 207 0
-893 -231 -871 -73 1
729 112 495 241 0
-95 -996 169 -781 1
-863 242 -152 799 1
-364 405 297 438 0
-609 457 -156 -777 1
767 -475 28 13 0
-471 342 -176 964 1
-621 395 -521 257 1
-997 26 660 -383 1
-675 440 -24 267 1
797 825 123 12 0
-274 371 -571 782 1
941 466 -36 85 0
-556 306 -335 -987 1
442 -51 -68 360 0
-956 -711 4 295 1
136 952 -107 -624 0
577 -749 552 -14 0
672 -832 852 929 0
-280 684 905 -828 0
51 444 -934 856 1
-698 -617 -778 338 1
495 558 -28 -839 0
-533 -272 -110 -976 1
264 -790 695 -841 0
670 -82 -609 790 0
309 -229 575 549 0
842 -530 12 713 0
-793 -467 553 -609 1
-620 95 -848 -347 1
-276 536 740 281 0
-759 -452 456 355 1
962 -293 -848 -582 1
-175 593 38 -158 0
-932 780 -422 -88 1
729 392 -654 825 0
872 52 628 -957 0
-672 920 212 -175 1
182 -878 -160 -173 1
511 488 -767 -376 1
492 -571 482 -297 0
-441 342 969 -139 0
-23 116 925 555 0
-916 772 630 -128 0
-288 -35 194 -799 1
-475 -972 770 614 1
-623 252 -95 -958 1
797 468 -107 -631 0
306 -673 -605 192 1
-56 991 147 -562 0
93 186 700 -589 0
469 -297 742 -513 0
996 -414 -376 112 0
-453 -683 -67 -541 1
400 581 610 -417 0
-677 -482 -343 -372 1
265 50 -542 191 1
333 -365 486 600 0
994 -105 -868 580 0
-377 -158 -627 -376 1
-74 -839 922 412 0
425 221 752 -320 0
-217 757 -19 -215 0
-701 471 257 467 1
893 -392 -811 -42 1
231 -72 792 596 0
-78 630 42 -912 0
474 -731 -599 606 1
-43 20 -719 -677 1
999 773 -910 184 0
-719 -417 -855 -526 1
847 -777 -216 -326 0
-609 921 345 -108 0
-48 362 318 -26 0
156 -876 -380 -129 1
-59 527 -468 -833 1
597 -874 741 -566 0
454 779 -575 560 0
44 -464 413 -264 0
-923 488 281 -631 1
553 890 -990 -217 0
647 -988 595 -842 0
-599 -466 828 633 0
-802 607 -253 587 1
-358 -858 954 474 0
995 -799 916 -334 0
883 391 417 -539 0
-440 103 -981 571 1
843 525 -480 -97 0
-318 32 200 -362 1
-60 -609 750 -572 0
45 -546 819 877 0
-291 276 13 102 1
551 -875 -18 -273 1
625 -743 607 -589 0
907 -232 -21 202 0
-765 -639 256 -161 1
-848 686 130 -943 1
-453 -487 -234 755 1
365 533 -52 -796 0
441 -609 -325 348 1
201 -849 -616 -833 1
103 733 853 46 0
-832 -714 603 527 1
-18 -377 41 594 0
263 -284 667 -760 0
-361 165 678 225 0
-296 389 462 -32 0
723 983 885 -552 0
201 310 -813 726 1
-915 -681 -724 996 1
140 -497 -474 847 1
-731 -630 -551 745 1
394 -132 -300 201 0
464 -488 219 146 0
-40 -312 -688 647 1
-700 978 962 343 0
-702 -788 -530 630 1
878 -254 -890 789 0
-991 810 399 983 0
-230 952 812 -174 0
756 165 942 964 0
438 -210 429 -347 0
-651 -448 -197 -513 1
-673 -684 563 -626 1
-670 -881 605 -490 1
-302 -46 -614 -788 1
-47 146 415 143 0
296 -542 957 -608 0
637 -733 557 634 0
863 938 370 -475 0
989 -980 695 -932 0
220 157 -625 52 1
-736 -753 562 -281 1
971 -392 377 -588 0
-234 196 -956 -995 1
-425 -544 -306 -402 1
-943 129 -27 -66 1
-296 170 -465 55 1
5 -418 -494 -591 1
408 848 -523 -453 0
-532 389 794 -914 0
482 405 -494 -677 1
802 234 777 -920 0
-619 -421 -407 543 1
564 -299 -581 -362 1
53 -336 927 187 0
-656 872 799 849 0
847 -4 358 736 0
-888 -534 757 -27 1
-337 -501 -116 260 1
370 -935 80 188 1
744 400 -112 737 0
522 -797 157 352 0
672 -990 -865 65 1
-466 212 -367 39 1
26 162 -631 897 1
-740 -54 858 186 0
-477 -968 -353 977 1
-186 199 -620 -47 1
-425 -18 642 642 0
-16 -264 -630 290 1
725 -301 -738 382 1
-506 -245 -256 685 1
-954 -379 -768 -313 1
-587 -279 -456 671 1
915 -512 286 149 0
-289 -544 141 -85 1
-163 -212 836 23 0
631 -342 -420 -187 1
312 555 -930 58 1
-667 -654 144 -217 1
91 577 383 -835 0
-841 68 -429 551 1
-939 561 -989 -214 1
147 613 -318 -689 1
729 -442 -988 325 1
660 402 -625 -380 0
-199 242 -120 700 0
453 117 -848 622 1
-250 -294 348 -574 1
338 135 651 -682 0
-719 526 -855 -565 1
-430 878 -212 468 0
-120 504 236 512 0
738 -760 -527 169 1
480 -887 -77 -579 1
-565 -79 760 -765 1
794 694 -159 -665 0
317 -426 -632 -535 1
-48 -745 -407 381 1
462 -240 148 -88 0
-235 666 274 712 0
892 -366 -142 573 0
-775 -822 882 -847 1
597 -835 -102 -943 1
667 696 81 -481 0
208 714 665 -808 0
-382 704 -56 -434 1
347 774 -200 93 0
625 -332 -592 -545 1
196 -523 677 -887 0
46 248 -39 -100 0
-184 554 -521 -661 1
204 234 -691 -667 1
-76 -981 -431 -511 1
-930 18 -759 288 1
-654 -602 411 -182 1
424 21 777 134 0
148 -814 -913 242 1
131 -401 286 -377 0
27 157 1 -603 1
526 -367 971 -702 0
257 293 -534 -308 1
-684 194 414 463 1
678 795 880 -749 0
212 847 330 -587 0
518 -617 180 534 0
-63 -549 -40 -376 1
-674 -460 -333 59 1
577 -938 613 652 0
-231 -720 334 -137 1
-730 203 -648 -736 1
-439 -299 -576 657 1
980 586 -855 911 0
644 -680 -107 -363 0
-904 873 490 -344 1
-536 294 48 330 1
-537 285 -334 398 1
653 589 -479 276 0
-539 -761 185 586 1
112 823 -984 -572 1
813 611 -178 -500 0
20 456 389 -144 0
-203 -761 -534 -671 1
791 -273 986 93 0
-716 896 12 236 1
-830 -566 -917 -922 1
761 271 62 -542 0
830 631 540 -674 0
-60 -34 877 -248 0
-434 580 905 -808 0
431 -557 -641 210 1
-710 500 -177 372 1
-340 -669 557 466 1
-654 -183 -258 -566 1
93 364 412 -495 0
862 392 930 -490 0
-217 570 -30 630 0
-619 -732 -720 392 1
-741 625 -210 -452 1
743 714 915 -777 0
-186 -941 -643 906 1
-524 -973 -569 830 1
447 -150 -618 643 1
297 827 164 -792 0
746 -548 -101 460 0
-379 -544 365 707 1
341 -793 189 -903 1
213 -887 -231 -476 1
-219 977 288 -866 0
382 -55 -370 410 0
953 329 463 -154 0
-136 289 -48 -862 1
-429 312 -521 -947 1
57 -190 -499 -239 1
29 384 -72 486 0
-322 432 -384 44 1
269 864 -979 -610 1
-580 -139 601 -311 1
-342 -149 -777 -415 1
-962 43 -568 488 1
684 -986 -272 -825 1
-982 -616 136 915 1
919 -33 -597 697 0
-457 -281 -770 482 1
-245 -624 231 177 1
19 621 330 45 0
-693 933 -690 -897 1
-566 594 41 -988 1
-510 -239 356 -401 1
106 732 498 632 0
400 -927 38 829 0
787 707 -296 394 0
-105 -589 -6 -16 1
-24 -771 -936 -829 1
-102 -224 -218 -845 1
-403 531 250 180 0
-321 420 602 425 0
77 528 -114 -168 0
-223 -906 -224 337 1
550 258 -395 -782 0
-581 719 -763 -547 1
-362 -353 240 -151 1
-635 -246 916 770 0
-337 827 673 -863 0
134 -414 501 -483 0
279 -850 127 869 0
924 848 -933 -785 0
-744 498 -81 396 1
-416 -859 -169 984 1
672 130 -595 591 0
130 911 276 -291 0
-549 -668 306 478 1
299 121 -129 246 0
-427 462 668 353 0
-588 300 653 177 0
-393 -46 -518 0 1
982 877 7 -140 0
-903 -914 -248 -820 1
472 -48 -205 837 0
-449 -944 -874 447 1
-75 -151 -781 -110 1
-912 152 -833 -373 1
339 -488 -413 178 1
194 -779 116 207 1
-482 73 -236 351 1
923 461 -596 809 0
-314 856 138 -217 0
711 84 -54 -155 0
-465 -499 633 -481 1
-771 -985 -980 -650 1
-727 366 -181 -795 1
545 -212 -362 201 0
-656 -32 -198 -463 1
-494 357 -948 92 1
-502 586 -949 446 1
-514 -268 -603 -540 1
223 891 142 553 0
-108 646 590 774 0
-57 -47 -228 -645 1
482 -187 844 -773 0
-117 578 -987 -29 1
-585 977 -25 -649 1
809 186 331 -570 0
463 -61 32 -299 0
-669 487 796 712 0
-604 505 79 -81 1
713 -471 -976 452 1
-113 150 851 -179 0
-506 -92 -151 -132 1
45 -455 -540 3 1
454 -284 242 -284 0
957 862 -252 204 0
-588 877 474 -294 0
-980 -220 -124 -70 1
-331 535 -399 230 1
109 -443 -591 -444 1
773 511 99 749 0
-822 -938 14 -184 1
529 -492 -710 100 1
883 -339 686 -245 0
-771 956 -299 -926 1
96 185 987 -976 0
-781 109 -781 69 1
-456 -345 730 175 0
817 948 114 719 0
762 -894 964 -12 0
-820 -545 -759 302 1
460 -444 -521 851 1
-816 -372 -194 417 1
302 -218 -551 -945 1
-125 232 -615 482 1
-17 -932 -538 33 1
802 334 107 124 0
974 697 359 -986 0
358 -222 809 806 0
-440 -592 313 33 1
-15 926 290 765 0
-231 -669 165 -246 1
188 -966 -666 -498 1
167 975 586 -317 0
-730 381 -466 655 1
-758 -616 837 -110 1
-282 711 -987 -913 1
780 355 -469 -663 0
-318 -356 -230 -66 1
-66 -449 -191 568 1
850 347 457 -702 0
-444 -630 67 -489 1
689 790 651 -520 0
-194 -124 -143 884 1
-587 561 358 95 0
-802 798 543 95 0
36 -915 808 -545 0
-975 -105 -20 240 1
16 -62 998 -449 0
-119 820 330 -125 0
310 -742 864 707 0
48 686 -898 -797 1
-851 -369 375 318 1
743 279 -769 -642 1
117 -262 426 -712 0
395 -778 339 -663 0
-825 -327 -929 -742 1
-328 -486 -103 -80 1
479 555 114 -871 0
-860 -876 -35 -85 1
428 644 -53 609 0
74 -75 919 -280 0
-133 -387 -115 473 1
919 -744 -332 -156 0
-121 -124 916 -238 0
836 -743 528 -821 0
473 -600 730 660 0
-201 -615 -306 97 1
504 -69 -86 -144 0
918 -441 662 -820 0
-287 -801 289 -624 1
-652 -467 -487 -826 1
615 -814 -309 -149 1
504 -550 -945 -986 1
-844 -992 -227 704 1
-488 211 637 283 0
-30 331 849 763 0
-227 781 -551 243 1
575 -784 -851 -859 1
-528 550 305 -810 1
-234 212 -30 -54 1
114 -3 -515 340 1
825 -195 945 -994 0
675 213 622 -158 0
972 627 393 -487 0
163 -939 32 -148 1
639 -772 433 -358 0
935 834 522 523 0
-580 62 -902 416 1
-983 328 -610 159 1
39 539 -887 785 1
-268 481 292 329 0
193 847 693 711 0
330 -738 -615 -759 1
195 217 336 -813 0
294 -180 340 -934 0
-803 114 -12 -293 1
493 -264 -876 -139 1
-103 341 -937 -426 1
291 963 116 -538 0
-84 724 -665 -345 1
-203 814 982 404 0
873 864 679 -524 0
-795 406 -860 564 1
88 35 -591 -201 1
-413 -280 995 866 0
-853 14 -309 60 1
-906 -116 -901 827 1
-464 59 512 723 0
251 401 -627 593 0
-122 494 -527 -897 1
-584 110 403 350 1
391 -337 73 504 0
-191 -537 874 -448 0
-542 -602 808 -282 1
900 -148 -507 -908 0
-818 -746 -668 64 1
-250 803 678 -522 0
645 -126 -825 -437 1
-994 439 -785 987 1
447 -850 977 -109 0
121 -519 826 939 0
-40 247 -73 -715 1
543 655 -675 739 0
875 -507 656 -580 0
595 -954 314 139 0
-116 -219 145 -939 1
500 -753 277 177 0
-712 154 -908 937 1
229 -726 884 578 0
-811 235 143 705 1
587 576 755 -560 0
194 -323 -266 -217 1
-615 696 507 -260 0
737 -132 693 -815 0
152 -434 341 567 0
-986 -765 626 -60 1
-49 -693 -457 976 1
32 739 -179 244 0
291 781 -628 -60 0
571 -698 876 782 0
-646 -595 -906 -769 1
458 106 -179 519 0
219 -421 229 -850 1
404 -327 -272 517 0
-347 -207 498 153 0
682 -305 -747 -762 1
-578 -542 -800 664 1
262 885 -594 -978 1
396 -607 -620 -751 1
-996 -384 859 -331 1
-901 890 -895 -668 1
-368 752 -728 -380 1
-843 533 -21 -84 1
882 200 -171 903 0
-111 -892 214 -182 1
508 574 663 -843 0
-34 -393 658 561 0
-767 289 306 -651 1
995 -285 -308 -991 0
-877 -614 419 217 1
-682 -810 -366 218 1
545 448 -821 685 0
396 -108 -183 661 0
211 588 884 457 0
-80 -64 -981 921 1
-268 -9 -168 705 1
-539 835 -917 239 1
-399 -581 -740 635 1
726 217 -166 -378 0
67 -344 758 184 0
275 -976 -419 134 1
315 -179 -793 767 1
710 -637 561 -859 0
504 -778 -81 162 0
274 -826 -392 769 1
-372 -507 -766 276 1
152 70 66 -291 0
-51 -681 66 -256 1
-704 -717 26 330 1
-570 715 296 -205 0
-975 -663 -69 990 1
673 -826 1 -496 0
636 -498 720 -400 0
-447 791 -459 446 1
-835 106 383 537 1
447 -689 -912 174 1
534 701 -711 253 0
-202 632 -555 975 1
-313 -245 172 -527 1
-365 -886 -835 90 1
-729 -550 -105 -997 1
687 -749 -406 -573 1
677 -689 803 632 0
510 333 -214 -692 0
380 749 475 -351 0
677 721 370 -529 0
-997 -483 -232 -921 1
-473 -185 -664 188 1
465 192 -666 -259 1
354 -837 -820 -304 1
-259 -225 586 -924 1
394 406 -992 668 1
780 -22 794 360 0
296 638 -487 349 0
675 444 549 381 0
-241 57 -69 -166 1
939 380 -122 508 0
306 -423 -598 440 1
-852 438 -400 63 1
-148 598 -657 598 1
226 -62 900 99 0
-552 324 -910 195 1
-452 128 761 580 0
25 -118 -904 192 1
219 -201 311 382 0
-905 -131 -509 268 1
-581 608 -674 394 1
830 338 -743 105 0
-675 975 893 71 0
-166 -8 -731 131 1
-864 -492 272 421 1
-801 -255 -695 432 1
847 -910 94 505 0
653 -356 -823 968 1
-971 -526 -774 -731 1
-696 260 23 -355 1
422 -801 362 -946 0
793 -486 -667 108 1
-117 670 -757 -699 1
-127 991 -1000 -789 1
-709 210 -502 -112 1
-771 -238 -71 686 1
-916 -142 122 -706 1
768 -1000 -334 5 1
917 801 777 -211 0
748 861 -197 -572 0
-724 334 -372 752 1
-128 139 -525 -941 1
966 482 927 -815 0
501 526 -182 180 0
34 -320 630 993 0
-20 -540 692 -305 0
-261 459 -297 -340 1
-29 287 566 -303 0
169 -754 -203 -242 1
335 354 -627 -545 1
-279 -567 -903 157 1
-328 957 -636 -242 1
106 -850 -910 -158 1
-616 635 -672 -916 1
477 -273 -228 174 0
103 590 258 -462 0
128 533 254 346 0
-150 602 -726 -738 1
-379 923 -110 913 0
-377 475 260 -112 0
88 309 -179 79 0
-979 -19 -572 -774 1
376 -429 646 -698 0
-305 679 117 -314 0
198 -860 -495 -311 1
354 -179 334 796 0
528 -395 -359 -358 1
704 298 -385 -293 0
961 -890 978 842 0
809 -651 -53 -497 0
210 -982 -787 525 1
262 231 -677 22 1
380 300 -258 -37 0
116 195 974 -275 0
-827 181 -961 -533 1
-388 -271 -785 -981 1
-574 -313 519 -932 1
301 -772 -637 -914 1
390 525 511 -112 0
-271 -207 -51 617 1
486 984 -807 -483 0
613 103 -500 334 0
916 4 -706 -450 0
33 -634 -461 -906 1
-841 431 -739 953 1
-632 308 571 923 0
-429 959 59 639 0
870 -689 774 -486 0
442 -330 -488 -698 1
-937 584 -327 427 1
-588 164 650 -903 1
-524 -788 458 148 1
-177 381 43 -122 0
34 379 553 811 0
950 -455 -172 -425 0
-801 229 -849 768 1
-41 159 942 914 0
-440 -444 261 -108 1
254 -22 567 -740 0
652 178 471 -365 0
41 -76 872 59 0
-444 794 -354 -940 1
-130 981 955 -243 0
-372 -676 -138 -139 1
355 -231 561 896 0
-681 240 88 -973 1
544 -334 756 -782 0
959 -896 453 756 0
404 -215 -613 -493 1
450 750 -736 -768 1
891 643 485 -210 0
627 682 707 -733 0
-976 -921 829 504 1
115 -429 -252 808 1
661 -2 -507 646 0
202 -116 -167 753 0
683 -2 -448 -239 0
-311 917 -125 521 0
326 -409 -132 144 0
-188 -809 974 -217 0
18 269 783 546 0
-377 -536 -129 -154 1
-55 -648 -566 303 1
327 780 -625 225 0
-129 244 -380 236 1
-473 -457 -537 -300 1
831 522 -554 -856 0
452 261 296 327 0
573 486 23 436 0
-693 952 389 478 0
991 -172 -167 736 0
-826 -486 584 830 1
864 -520 30 -389 0
-827 -392 -596 868 1
-619 -550 681 459 1
-906 998 3 857 1
908 455 240 -676 0
-897 -527 271 198 1
-220 508 -674 728 1
113 714 571 459 0
180 -226 978 -974 0
137 375 549 -545 0
388 120 56 202 0
-196 -651 648 -336 1
-30 -233 707 -884 0
55 879 -26 223 0
951 65 -756 12 0
836 -6 667 969 0
-764 374 108 -844 1
-839 -641 114 -119 1
-160 -65 -538 -405 1
581 -348 -579 511 1
882 772 671 -660 0
-243 -648 -472 -178 1
-236 594 243 371 0
538 -322 64 297 0
-139 -660 -556 876 1
173 236 967 197 0
-190 -42 -586 350 1
-699 -748 5 157 1
385 -683 493 699 0
331 -235 -718 -842 1
-66 -97 -691 988 1
971 -210 -198 -392 0
-286 -300 -637 560 1
266 272 -478 -62 1
-363 -731 -882 346 1
758 -273 458 760 0
907 581 751 -643 0
-767 742 72 -45 1
302 -727 -971 -629 1
-880 -606 -484 -750 1
-506 -733 633 22 1
658 546 103 -274 0
-775 525 883 65 0
440 775 -691 931 0
404 479 15 -473 0
-14 -337 516 86 0
-966 -665 470 -665 1
-795 -143 -322 -276 1
276 -654 -506 894 1
-420 956 578 675 0
923 142 -928 -383 1
-707 -891 437 273 1
663 84 -258 -689 0
61 952 -664 744 0
40 255 453 -155 0
368 -464 -104 148 0
-378 -498 -374 332 1
-187 69 -308 508 1
411 290 -733 -299 1
-24 -628 76 898 1
-652 182 -53 133 1
-574 -996 -984 -595 1
569 494 -703 -478 1
551 -741 -848 17 1
512 -150 455 589 0
306 829 -53 284 0
989 393 -7 843 0
-937 285 -608 -67 1
-116 -403 -892 -158 1
-647 156 829 -377 0
-799 -710 -257 872 1
-1000 -400 955 611 1
-159 757 546 -215 0
-662 -780 -753 272 1
-682 -403 787 851 0
754 239 287 115 0
-670 -528 164 -39 1
-763 637 248 -921 1
-829 770 716 -514 0
-308 48 785 -919 0
577 -222 336 -673 0
-404 754 360 211 0
-187 -752 509 -752 1
504 -6 147 -535 0
242 -364 -580 -410 1
548 352 -504 392 0
-89 722 871 -687 0
-743 -378 -764 571 1
709 724 -62 -38 0
-80 -448 308 -565 1
547 -318 -668 -138 1
-388 -888 774 -974 1
-910 -343 -738 -119 1
-829 -454 -359 256 1
789 889 202 188 0
-431 256 39 -753 1
-414 -824 254 494 1
429 505 -20 917 0
-335 -737 -13 -798 1
540 973 -922 136 0
-258 -71 95 -228 1
732 -166 964 -563 0
727 329 639 687 0
67 106 501 251 0
-462 -23 -212 910 1
313 -250 -596 805 1
-445 -953 -403 245 1
12 107 311 -380 0
-360 -539 -113 -697 1
-201 78 -269 867 1
120 -877 -284 -369 1
-99 942 973 -295 0
903 512 217 -528 0
170 638 956 -742 0
-25 574 -499 -991 1
613 315 -16 -337 0
-399 129 -267 -721 1
716 297 429 342 0
646 -416 213 474 0
385 -475 -732 975 1
246 -365 -350 646 1
563 309 208 -217 0
185 -393 54 165 0
159 129 580 513 0
-235 6 823 336 0
648 999 204 990 0
916 -640 403 -277 0
-184 699 -771 -560 1
-622 154 402 -941 1
311 507 235 448 0
279 -258 -825 -775 1